nivea 0.24522083058668426 0.19846153846153847 0.26301911667765326 0.2123076923076923
nivea 0.12788398154251812 0.20153846153846153 0.14304548450889915 0.22153846153846155
nivea 0.1865524060646012 0.7584615384615384 0.21357943309162822 0.8138461538461539
nivea 0.23269611074489124 0.7276923076923076 0.2643375082399473 0.8261538461538461
nivea 0.13843111404087013 0.7553846153846154 0.16216216216216217 0.796923076923077
nivea 0.14106789716545814 0.7230769230769231 0.15886618325642715 0.7492307692307693
nivea 0.14040870138431114 0.5907692307692308 0.15622940013183917 0.6138461538461538
nivea 0.13909030982201714 0.47846153846153844 0.15622940013183917 0.5
nivea 0.13645352669742913 0.35846153846153844 0.15359261700725116 0.38153846153846155
nivea 0.46802900461437047 0.16923076923076924 0.4970336189848385 0.19076923076923077
nivea 0.5510876730388925 0.7692307692307693 0.5912986156888596 0.8507692307692307
nivea 0.46473302570863545 0.8630769230769231 0.5056031641397495 0.9030769230769231
nivea 0.47396176664469347 0.6630769230769231 0.5023071852340145 0.6892307692307692
nivea 0.47264337508239945 0.823076923076923 0.5009887936717206 0.8476923076923077
nivea 0.7330257086354647 0.28615384615384615 0.7541199736321688 0.3046153846153846
nivea 0.7409360580092288 0.4492307692307692 0.7626895187870798 0.4723076923076923
nivea 0.7382992748846408 0.5661538461538461 0.7607119314436388 0.5907692307692308
nivea 0.7382992748846408 0.6846153846153846 0.7593935398813447 0.7092307692307692
nivea 0.7382992748846408 0.8184615384615385 0.7587343441001978 0.8461538461538461
nivea 0.7336849044166117 0.8507692307692307 0.7626895187870798 0.8953846153846153
nivea 0.7969676994067239 0.8507692307692307 0.8365194462755439 0.9046153846153846
nivea 0.7982860909690178 0.06153846153846154 0.8154251812788398 0.19384615384615383
nivea 0.8325642715886619 0.37538461538461537 0.8503625576796309 0.3953846153846154
nivea 0.8279499011206328 0.62 0.8444297956493079 0.6415384615384615
nivea 0.8483849703361899 0.8 0.8628872775214239 0.9061538461538462
nivea 0.8668424522083059 0.74 0.8800263678312459 0.8338461538461538