nivea 0.362 0.3153153153153153 0.442 0.4144144144144144
nivea 0.194 0.5255255255255256 0.236 0.5945945945945946
nivea 0.128 0.5825825825825826 0.176 0.6546546546546547
nivea 0.372 0.5675675675675675 0.414 0.6096096096096096
nivea 0.374 0.6636636636636637 0.422 0.7177177177177178
nivea 0.56 0.8228228228228228 0.628 0.8528528528528528
nivea 0.478 0.5045045045045045 0.542 0.6006006006006006
nivea 0.578 0.4864864864864865 0.644 0.5705705705705706
nivea 0.658 0.6726726726726727 0.7 0.7267267267267268
nivea 0.75 0.6426426426426426 0.788 0.6816816816816816
nivea 0.828 0.6126126126126126 0.884 0.6786786786786787
nivea 0.28 0.5315315315315315 0.32 0.5495495495495496