colgate 0.2085 0.36370481927710846 0.2475 0.3825301204819277
colgate 0.211 0.3938253012048193 0.246 0.41039156626506024
colgate 0.211 0.45256024096385544 0.2445 0.47063253012048195
colgate 0.2125 0.42319277108433734 0.2465 0.4420180722891566
colgate 0.211 0.4811746987951807 0.244 0.5
colgate 0.128 0.45180722891566266 0.136 0.49849397590361444
colgate 0.0975 0.4555722891566265 0.106 0.5
colgate 0.1585 0.45180722891566266 0.1665 0.4954819277108434
colgate 0.062 0.4615963855421687 0.071 0.5067771084337349
colgate 0.0395 0.4510542168674699 0.0645 0.4615963855421687
colgate 0.0055 0.4510542168674699 0.0305 0.4631024096385542
colgate 0.0835 0.21536144578313254 0.108 0.22515060240963855
colgate 0.006 0.21762048192771086 0.0165 0.26957831325301207
colgate 0.0455 0.20783132530120482 0.072 0.22063253012048192
colgate 0.0015 0.7146084337349398 0.0105 0.7643072289156626
colgate 0.0215 0.704066265060241 0.028 0.7507530120481928
colgate 0.008 0.7673192771084337 0.0405 0.7868975903614458
colgate 0.0555 0.7507530120481928 0.0805 0.7688253012048193
colgate 0.0905 0.6859939759036144 0.0995 0.7319277108433735
colgate 0.071 0.6995481927710844 0.0775 0.7387048192771084
colgate 0.048 0.7063253012048193 0.0555 0.7477409638554217
colgate 0.112 0.6807228915662651 0.118 0.7243975903614458
colgate 0.1745 0.7153614457831325 0.1975 0.7326807228915663
colgate 0.2555 0.6536144578313253 0.2885 0.6746987951807228
colgate 0.318 0.6121987951807228 0.3475 0.6332831325301205
colgate 0.316 0.6551204819277109 0.346 0.6754518072289156
colgate 0.319 0.5692771084337349 0.35 0.588855421686747
colgate 0.308 0.5256024096385542 0.3385 0.5421686746987951
colgate 0.376 0.6370481927710844 0.402 0.6528614457831325
colgate 0.377 0.6121987951807228 0.402 0.6287650602409639
colgate 0.377 0.588855421686747 0.404 0.6039156626506024
colgate 0.3775 0.5625 0.405 0.5805722891566265
colgate 0.4585 0.588855421686747 0.483 0.6031626506024096
colgate 0.459 0.5647590361445783 0.4835 0.5813253012048193
colgate 0.46 0.6099397590361446 0.4815 0.6257530120481928
colgate 0.4425 0.5376506024096386 0.466 0.552710843373494
colgate 0.194 0.9367469879518072 0.226 0.9661144578313253
colgate 0.1525 0.9427710843373494 0.1905 0.9691265060240963
colgate 0.1835 0.9006024096385542 0.2165 0.9262048192771084
colgate 0.2755 0.3960843373493976 0.3055 0.4134036144578313
colgate 0.272 0.4246987951807229 0.3045 0.43900602409638556
colgate 0.272 0.4510542168674699 0.304 0.46460843373493976
colgate 0.376 0.4126506024096386 0.401 0.42846385542168675
colgate 0.3765 0.43599397590361444 0.402 0.45481927710843373
colgate 0.3735 0.4615963855421687 0.3995 0.4743975903614458
colgate 0.37 0.3629518072289157 0.3945 0.3757530120481928
colgate 0.246 0.3365963855421687 0.2775 0.3516566265060241
colgate 0.4225 0.4555722891566265 0.4475 0.4691265060240964
colgate 0.424 0.42846385542168675 0.449 0.4450301204819277
colgate 0.425 0.401355421686747 0.4485 0.4171686746987952
colgate 0.4265 0.37650602409638556 0.4495 0.39156626506024095
colgate 0.4035 0.34563253012048195 0.4265 0.35993975903614456
colgate 0.3305 0.45180722891566266 0.352 0.463855421686747
colgate 0.331 0.4322289156626506 0.353 0.4442771084337349
colgate 0.3325 0.4118975903614458 0.3535 0.42620481927710846
colgate 0.333 0.39081325301204817 0.3555 0.4036144578313253
colgate 0.3275 0.3689759036144578 0.348 0.3825301204819277
colgate 0.31 0.34713855421686746 0.332 0.36069277108433734
colgate 0.273 0.9036144578313253 0.304 0.9307228915662651
colgate 0.2715 0.8817771084337349 0.3055 0.9134036144578314
colgate 0.24 0.8185240963855421 0.273 0.8426204819277109
colgate 0.2725 0.8629518072289156 0.306 0.8893072289156626
colgate 0.271 0.8516566265060241 0.3025 0.8719879518072289
colgate 0.26 0.8463855421686747 0.293 0.8667168674698795
colgate 0.254 0.838855421686747 0.2855 0.8569277108433735
colgate 0.246 0.8335843373493976 0.275 0.8546686746987951
colgate 0.2375 0.8094879518072289 0.2705 0.8275602409638554
colgate 0.227 0.802710843373494 0.26 0.822289156626506
colgate 0.2195 0.795933734939759 0.2525 0.8140060240963856
colgate 0.2125 0.7921686746987951 0.2445 0.8109939759036144
colgate 0.322 0.8855421686746988 0.3575 0.9134036144578314
colgate 0.328 0.8591867469879518 0.3615 0.8900602409638554
colgate 0.329 0.8320783132530121 0.3635 0.8614457831325302
colgate 0.323 0.8200301204819277 0.3585 0.8448795180722891
colgate 0.3115 0.8140060240963856 0.3465 0.8373493975903614
colgate 0.3005 0.8057228915662651 0.337 0.8305722891566265
colgate 0.296 0.7891566265060241 0.3305 0.8170180722891566
colgate 0.292 0.7748493975903614 0.3245 0.7966867469879518
colgate 0.2805 0.7695783132530121 0.3145 0.7899096385542169
colgate 0.27 0.7658132530120482 0.3045 0.7823795180722891
colgate 0.5085 0.7018072289156626 0.528 0.7183734939759037
colgate 0.5075 0.7228915662650602 0.5275 0.7394578313253012
colgate 0.5075 0.7447289156626506 0.5265 0.7612951807228916
colgate 0.506 0.7658132530120482 0.5265 0.7831325301204819
colgate 0.505 0.7853915662650602 0.5245 0.802710843373494
colgate 0.48 0.6679216867469879 0.499 0.6829819277108434
colgate 0.473 0.7929216867469879 0.493 0.8102409638554217
colgate 0.473 0.7778614457831325 0.49 0.7966867469879518
colgate 0.474 0.7620481927710844 0.492 0.776355421686747
colgate 0.4485 0.7326807228915663 0.4705 0.7484939759036144
colgate 0.5405 0.7259036144578314 0.5625 0.7447289156626506
colgate 0.538 0.7469879518072289 0.5615 0.7650602409638554
nivea 0.869 0.043674698795180725 0.8925 0.05572289156626506