nivea 0.5895238095238096 0.5857142857142857 0.68 0.8128571428571428
nivea 0.11285714285714285 0.59 0.13952380952380952 0.6071428571428571
nivea 0.20761904761904762 0.5821428571428572 0.22952380952380952 0.5921428571428572
nivea 0.2866666666666667 0.5735714285714286 0.30428571428571427 0.5842857142857143
nivea 0.3485714285714286 0.5657142857142857 0.36333333333333334 0.5757142857142857
nivea 0.11285714285714285 0.8042857142857143 0.1361904761904762 0.8285714285714286
nivea 0.19952380952380952 0.7835714285714286 0.22 0.7964285714285714
nivea 0.2671428571428571 0.76 0.2833333333333333 0.7771428571428571
nivea 0.3376190476190476 0.7385714285714285 0.3523809523809524 0.7492857142857143
nivea 0.3952380952380952 0.7221428571428572 0.40714285714285714 0.7328571428571429
nivea 0.40904761904761905 0.56 0.42 0.57
nivea 0.18619047619047618 0.10642857142857143 0.19952380952380952 0.11928571428571429
nivea 0.27476190476190476 0.13714285714285715 0.2861904761904762 0.14857142857142858
nivea 0.3504761904761905 0.16285714285714287 0.36047619047619045 0.17142857142857143
nivea 0.41285714285714287 0.18357142857142858 0.4219047619047619 0.195
nivea 0.18333333333333332 0.3407142857142857 0.1976190476190476 0.3485714285714286
nivea 0.27 0.3507142857142857 0.28095238095238095 0.3585714285714286
nivea 0.34285714285714286 0.3585714285714286 0.35333333333333333 0.36642857142857144
nivea 0.4480952380952381 0.37142857142857144 0.4576190476190476 0.3792857142857143
nivea 0.4552380952380952 0.19857142857142857 0.46523809523809523 0.2092857142857143