nivea 0.16555555555555557 0.42 0.34555555555555556 0.48125
nivea 0.6788888888888889 0.539375 0.8177777777777778 0.639375
nivea 0.7733333333333333 0.4325 0.9366666666666666 0.475625
nivea 0.6344444444444445 0.31875 0.7033333333333334 0.354375
nivea 0.09555555555555556 0.375 0.25666666666666665 0.39875
nivea 0.19777777777777777 0.57875 0.37444444444444447 0.62
nivea 0.14444444444444443 0.67625 0.25666666666666665 0.686875
nivea 0.09777777777777778 0.699375 0.2866666666666667 0.743125
nivea 0.5377777777777778 0.74125 0.7311111111111112 0.816875
nivea 0.35 0.744375 0.43777777777777777 0.85
nivea 0.5366666666666666 0.72125 0.6533333333333333 0.753125
nivea 0.017777777777777778 0.50625 0.1 0.5725
nivea 0.61 0.545625 0.6422222222222222 0.576875
nivea 0.5377777777777778 0.55 0.5855555555555556 0.596875