palmolive 0.8983333333333333 0.0863157894736842 0.9483333333333334 0.12
palmolive 0.8525 0.09894736842105263 0.8858333333333334 0.12842105263157894
nivea 0.8091666666666667 0.5894736842105263 0.8358333333333333 0.6252631578947369
nivea 0.895 0.6147368421052631 0.9233333333333333 0.6547368421052632
nivea 0.7575 0.5726315789473684 0.78 0.6021052631578947
nivea 0.71 0.5515789473684211 0.7333333333333333 0.5768421052631579
nivea 0.6675 0.5305263157894737 0.685 0.56
nivea 0.6291666666666667 0.511578947368421 0.6475 0.5368421052631579
nivea 0.5525 0.4589473684210526 0.57 0.48210526315789476
dove 0.40166666666666667 0.06526315789473684 0.4166666666666667 0.09052631578947369
fa 0.5091666666666667 0.09473684210526316 0.5175 0.13052631578947368
fa 0.48583333333333334 0.09473684210526316 0.4925 0.13052631578947368
fa 0.44333333333333336 0.0968421052631579 0.4508333333333333 0.13473684210526315
dove 0.3958333333333333 0.3410526315789474 0.4058333333333333 0.3642105263157895
fa 0.3925 0.5852631578947368 0.4025 0.6210526315789474
fa 0.38 0.5768421052631579 0.38666666666666666 0.6147368421052631
dove 0.3625 0.07157894736842105 0.37583333333333335 0.0968421052631579