nivea 0.1849894291754757 0.12222222222222222 0.23678646934460887 0.30793650793650795
nivea 0.7315010570824524 0.10793650793650794 0.7716701902748414 0.30793650793650795
nivea 0.44714587737843553 0.46190476190476193 0.5338266384778013 0.4936507936507937
nivea 0.4714587737843552 0.7682539682539683 0.5095137420718816 0.7888888888888889
nivea 0.7621564482029598 0.8555555555555555 0.7928118393234672 0.8761904761904762
nivea 0.10676532769556026 0.7015873015873015 0.12684989429175475 0.7126984126984127
nivea 0.3192389006342495 0.7015873015873015 0.3361522198731501 0.7158730158730159
nivea 0.14799154334038056 0.8317460317460318 0.16807610993657504 0.8444444444444444
nivea 0.17864693446088795 0.8666666666666667 0.19556025369978858 0.8777777777777778
nivea 0.7854122621564482 0.6984126984126984 0.8044397463002114 0.7126984126984127
nivea 0.9503171247357294 0.7 0.9682875264270613 0.7126984126984127