mcdonalds 0.1015625 0.020588235294117647 0.298828125 0.2867647058823529
mcdonalds-text 0.10791015625 0.29191176470588237 0.2978515625 0.3514705882352941
mcdonalds-text 0.6328125 0.2867647058823529 0.76513671875 0.3522058823529412
mcdonalds 0.66748046875 0.1860294117647059 0.7060546875 0.26029411764705884
mcdonalds 0.50732421875 0.4235294117647059 0.525390625 0.46911764705882353
mcdonalds 0.40673828125 0.4588235294117647 0.46875 0.5375
mcdonalds 0.6982421875 0.5742647058823529 0.72509765625 0.6102941176470589
mcdonalds 0.0263671875 0.5294117647058824 0.05126953125 0.5595588235294118
mcdonalds 0.1552734375 0.5058823529411764 0.1904296875 0.5485294117647059
mcdonalds 0.19482421875 0.5573529411764706 0.2080078125 0.5727941176470588
mcdonalds 0.53271484375 0.6102941176470589 0.5458984375 0.6323529411764706
mcdonalds 0.6083984375 0.5610294117647059 0.623046875 0.5882352941176471
mcdonalds-text 0.60986328125 0.5779411764705882 0.625 0.5845588235294118