mcdonalds 0.2125 0.5692883895131086 0.2325 0.5955056179775281
mcdonalds 0.54 0.5692883895131086 0.575 0.6292134831460674
mcdonalds 0.405 0.19101123595505617 0.4825 0.32209737827715357
mcdonalds 0.67 0.27715355805243447 0.72 0.39325842696629215
mcdonalds-text 0.485 0.25842696629213485 0.6625 0.3445692883895131
mcdonalds 0.7975 0.3295880149812734 0.8375 0.40823970037453183
mcdonalds 0.195 0.5243445692883895 0.22 0.5617977528089888
mcdonalds 0.2175 0.5243445692883895 0.24 0.5580524344569289
mcdonalds 0.24 0.5243445692883895 0.265 0.5655430711610487
mcdonalds 0.355 0.5355805243445693 0.38 0.5692883895131086
mcdonalds 0.375 0.5355805243445693 0.395 0.5692883895131086
mcdonalds 0.4125 0.5393258426966292 0.4325 0.5730337078651685
mcdonalds 0.43 0.5393258426966292 0.4525 0.5692883895131086
mcdonalds 0.4825 0.5468164794007491 0.5 0.5730337078651685
mcdonalds 0.5125 0.550561797752809 0.53 0.5805243445692884