pepsi-symbol 0.38875 0.55 0.41125 0.6066666666666667
pepsi-symbol 0.2175 0.5533333333333333 0.255 0.6166666666666667
pepsi-text 0.25375 0.5616666666666666 0.34375 0.6116666666666667
pepsi-symbol 0.28625 0.4083333333333333 0.30375 0.44333333333333336
pepsi-symbol 0.40625 0.4266666666666667 0.42125 0.4583333333333333
pepsi-symbol 0.5675 0.445 0.58 0.47
pepsi-symbol 0.52625 0.55 0.5425 0.5883333333333334
pepsi-symbol 0.60875 0.55 0.62375 0.5816666666666667
pepsi-symbol 0.67875 0.5466666666666666 0.6925 0.5783333333333334
pepsi-symbol 0.65125 0.45166666666666666 0.66125 0.475
pepsi-symbol 0.76875 0.46 0.77875 0.485
pepsi-symbol 0.82 0.4666666666666667 0.83125 0.49
pepsi-symbol 0.76125 0.5433333333333333 0.77875 0.5783333333333334
pepsi-symbol 0.83 0.5416666666666666 0.8425 0.5733333333333334
pepsi-text 0.3025 0.41333333333333333 0.35375 0.45
pepsi-text 0.4175 0.43 0.4575 0.4583333333333333
pepsi-text 0.41 0.5533333333333333 0.47375 0.6
pepsi-text 0.57875 0.4483333333333333 0.61625 0.47333333333333333
pepsi-text 0.54 0.5516666666666666 0.58875 0.585
pepsi-text 0.6225 0.55 0.66375 0.5783333333333334
pepsi-text 0.69125 0.55 0.72625 0.5733333333333334
pepsi-text 0.66125 0.455 0.6925 0.4766666666666667
pepsi-text 0.77875 0.4666666666666667 0.8 0.48333333333333334
pepsi-text 0.77625 0.545 0.81125 0.575
pepsi-text 0.84 0.5466666666666666 0.87 0.5716666666666667
pepsi-text 0.82625 0.47333333333333333 0.8475 0.48833333333333334