pepsi-text 0.5360655737704918 0.22093023255813954 0.5655737704918032 0.37209302325581395
pepsi-symbol 0.2573770491803279 0.2819767441860465 0.28524590163934427 0.34593023255813954
pepsi-symbol 0.060655737704918035 0.2616279069767442 0.09016393442622951 0.32558139534883723
pepsi-symbol 0.4459016393442623 0.21220930232558138 0.5360655737704918 0.375
pepsi-symbol 0.6409836065573771 0.2238372093023256 0.7327868852459016 0.38372093023255816
pepsi-symbol 0.7836065573770492 0.27906976744186046 0.8508196721311475 0.43023255813953487
pepsi-text 0.8475409836065574 0.2558139534883721 0.8918032786885246 0.3953488372093023
pepsi-text 0.7295081967213115 0.22965116279069767 0.7655737704918033 0.37790697674418605
pepsi-symbol 0.6163934426229508 0.9156976744186046 0.6934426229508197 1.0
pepsi-symbol 0.2836065573770492 0.9186046511627907 0.3704918032786885 0.997093023255814
pepsi-symbol 0.02622950819672131 0.9098837209302325 0.1180327868852459 0.997093023255814
pepsi-text 0.11311475409836065 0.938953488372093 0.24098360655737705 1.0
pepsi-text 0.3737704918032787 0.9476744186046512 0.49508196721311476 1.0
pepsi-text 0.6950819672131148 0.9331395348837209 0.8065573770491803 1.0
pepsi-symbol 0.9098360655737705 0.9011627906976745 0.9934426229508196 1.0