pepsi-text 0.36363636363636365 0.37216828478964403 0.5163636363636364 0.47249190938511326
pepsi-text 0.7072727272727273 0.36893203883495146 0.8345454545454546 0.459546925566343
pepsi-text 0.8836363636363637 0.022653721682847898 1.0 0.09385113268608414
pepsi-text 0.5527272727272727 0.003236245954692557 0.7054545454545454 0.06796116504854369
pepsi-text 0.14727272727272728 0.003236245954692557 0.32181818181818184 0.05501618122977346
pepsi-text 0.01818181818181818 0.003236245954692557 0.04909090909090909 0.12297734627831715
pepsi-text 0.44 0.003236245954692557 0.4581818181818182 0.13268608414239483
pepsi-text 0.7854545454545454 0.016181229773462782 0.8127272727272727 0.1488673139158576
pepsi-symbol 0.056363636363636366 0.42071197411003236 0.11090909090909092 0.5080906148867314
pepsi-text 0.06181818181818182 0.511326860841424 0.11272727272727273 0.540453074433657
pepsi-symbol 0.05272727272727273 0.2168284789644013 0.07454545454545454 0.2621359223300971
pepsi-symbol 0.24727272727272728 0.27184466019417475 0.31636363636363635 0.4045307443365696
pepsi-text 0.24545454545454545 0.40129449838187703 0.2727272727272727 0.5339805825242718
pepsi-text 0.6036363636363636 0.3948220064724919 0.6290909090909091 0.517799352750809
pepsi-symbol 0.6145454545454545 0.2750809061488673 0.68 0.39158576051779936
pepsi-symbol 0.8963636363636364 0.40129449838187703 0.9345454545454546 0.4692556634304207
pepsi-text 0.8909090909090909 0.4692556634304207 0.9272727272727272 0.49514563106796117
pepsi-symbol 0.07636363636363637 0.6699029126213593 0.14545454545454545 0.7766990291262136
pepsi-symbol 0.44363636363636366 0.6407766990291263 0.5072727272727273 0.7508090614886731
pepsi-symbol 0.7563636363636363 0.6051779935275081 0.8090909090909091 0.7055016181229773
pepsi-symbol 0.8781818181818182 0.6666666666666666 0.9272727272727272 0.7572815533980582
pepsi-symbol 0.9581818181818181 0.6084142394822006 0.990909090909091 0.6440129449838188
pepsi-text 0.54 0.7055016181229773 0.6654545454545454 0.7961165048543689
pepsi-text 0.4381818181818182 0.7508090614886731 0.46 0.8543689320388349
pepsi-text 0.19272727272727272 0.7411003236245954 0.33636363636363636 0.8284789644012945
pepsi-text 0.07818181818181819 0.7766990291262136 0.11090909090909092 0.889967637540453
pepsi-text 0.5527272727272727 0.8220064724919094 0.7418181818181818 0.9385113268608414
pepsi-symbol 0.7436363636363637 0.7961165048543689 0.8454545454545455 0.889967637540453
pepsi-text 0.7418181818181818 0.7022653721682848 0.7636363636363637 0.7993527508090615