pepsi-symbol 0.41946697566628044 0.37553956834532376 0.5237543453070683 0.4251798561151079
pepsi-text 0.38006952491309387 0.418705035971223 0.5608342989571263 0.4525179856115108
pepsi-symbol 0.3383545770567787 0.3251798561151079 0.3650057937427578 0.3424460431654676
pepsi-text 0.35921205098493625 0.3100719424460432 0.38933951332560834 0.339568345323741
pepsi-symbol 0.5561993047508691 0.5122302158273381 0.5689455388180765 0.5215827338129496
bovonto 0.712630359212051 0.8575539568345324 0.7809965237543454 0.8733812949640288
bovonto 0.7184241019698725 0.7820143884892087 0.7902665121668598 0.7964028776978417
kalimark 0.8493626882966396 0.7805755395683454 0.9212050984936269 0.8
kalimark 0.8493626882966396 0.820863309352518 0.9235225955967555 0.8345323741007195
kalimark 0.8424101969872537 0.8568345323741007 0.9165701042873696 0.8726618705035971
coca-cola 0.7311703360370799 0.7482014388489209 0.7589803012746235 0.7553956834532374
coca-cola 0.8574739281575898 0.7474820143884892 0.8829663962920047 0.7553956834532374