pepsi-symbol 0.4344262295081967 0.3042071197411003 0.6338797814207651 0.7330097087378641
pepsi-symbol 0.6621129326047359 0.3333333333333333 0.8397085610200364 0.7475728155339806
pepsi-text 0.6539162112932605 0.7766990291262136 0.8051001821493625 0.8932038834951457
pepsi-text 0.4344262295081967 0.7686084142394822 0.6065573770491803 0.8883495145631068
pepsi-text 0.22495446265938068 0.7265372168284789 0.31602914389799636 0.8220064724919094
pepsi-text 0.11839708561020036 0.6682847896440129 0.17395264116575593 0.7427184466019418
pepsi-symbol 0.0692167577413479 0.6213592233009708 0.10564663023679417 0.6796116504854369
pepsi-symbol 0.22313296903460839 0.3478964401294498 0.33879781420765026 0.6828478964401294
pepsi-symbol 0.11748633879781421 0.36245954692556637 0.18670309653916212 0.6229773462783171
pepsi-symbol 0.06830601092896176 0.3818770226537217 0.11657559198542805 0.5906148867313916
pepsi-symbol 0.030054644808743168 0.32038834951456313 0.06739526411657559 0.49514563106796117
pepsi-symbol 0.00273224043715847 0.343042071197411 0.029143897996357013 0.48705501618122976