lego-symbol 0.042045454545454546 0.1625 0.1 0.353125
lego-symbol 0.14659090909090908 0.1625 0.2 0.328125
lego-symbol 0.24659090909090908 0.20625 0.3090909090909091 0.390625
lego-symbol 0.37613636363636366 0.18125 0.43636363636363634 0.359375
lego-symbol 0.49772727272727274 0.13125 0.5511363636363636 0.284375
lego-symbol 0.634090909090909 0.13125 0.6886363636363636 0.296875
lego-symbol 0.11704545454545455 0.146875 0.13295454545454546 0.253125
lego-symbol 0.014772727272727272 0.15 0.028409090909090908 0.2375
lego-symbol 0.014772727272727272 0.09375 0.04431818181818182 0.115625
lego-symbol 0.21477272727272728 0.125 0.24886363636363637 0.146875
lego-symbol 0.2215909090909091 0.19375 0.23522727272727273 0.29375
angrybirds 0.7 0.096875 0.85 0.24375
angrybirds 0.017045454545454544 0.240625 0.028409090909090908 0.45
lego-symbol 0.47613636363636364 0.0625 0.5056818181818182 0.0875
lego-symbol 0.4727272727272727 0.1125 0.4863636363636364 0.2125
lego-symbol 0.35454545454545455 0.1125 0.37727272727272726 0.14375
lego-symbol 0.615909090909091 0.06875 0.6386363636363637 0.096875
angrybirds 0.045454545454545456 0.065625 0.1159090909090909 0.109375
angrybirds 0.22386363636363638 0.30625 0.23863636363636365 0.5625
angrybirds 0.35568181818181815 0.259375 0.36704545454545456 0.4625
angrybirds 0.475 0.225 0.48863636363636365 0.48125
angrybirds 0.6147727272727272 0.203125 0.625 0.378125
angrybirds 0.509090909090909 0.034375 0.5909090909090909 0.078125
angrybirds 0.6397727272727273 0.05625 0.7011363636363637 0.084375
angrybirds 0.25227272727272726 0.09375 0.33636363636363636 0.14375
angrybirds 0.38295454545454544 0.09375 0.44772727272727275 0.134375
lego-symbol 0.35454545454545455 0.178125 0.36477272727272725 0.25
lego-symbol 0.6136363636363636 0.13125 0.625 0.196875