huawei-symbol 0.5016666666666667 0.6377777777777778 0.5483333333333333 0.7111111111111111
huawei-text 0.5 0.7022222222222222 0.5516666666666666 0.7444444444444445
huawei-symbol 0.33666666666666667 0.6844444444444444 0.375 0.7466666666666667
huawei-text 0.33666666666666667 0.7355555555555555 0.375 0.7688888888888888
huawei-symbol 0.13 0.5844444444444444 0.15333333333333332 0.6266666666666667
huawei-symbol 0.7566666666666667 0.5422222222222223 0.7883333333333333 0.58
huawei-symbol 0.37 0.4088888888888889 0.4 0.4444444444444444
huawei-text 0.36833333333333335 0.4444444444444444 0.4 0.46
huawei-text 0.6083333333333333 0.4711111111111111 0.6366666666666667 0.4866666666666667
huawei-symbol 0.61 0.4266666666666667 0.64 0.4711111111111111
huawei-symbol 0.825 0.4066666666666667 0.84 0.43777777777777777
huawei-symbol 0.8 0.5333333333333333 0.8233333333333334 0.58
huawei-text 0.7966666666666666 0.5755555555555556 0.8233333333333334 0.5977777777777777
huawei-text 0.7566666666666667 0.5733333333333334 0.7883333333333333 0.5911111111111111
huawei-text 0.3466666666666667 0.5377777777777778 0.4033333333333333 0.5688888888888889
huawei-text 0.13333333333333333 0.4866666666666667 0.18333333333333332 0.5044444444444445