walmart 0.07073045267489712 0.13695987654320987 0.29963991769547327 0.35532407407407407
walmart-symbol 0.3022119341563786 0.06095679012345679 0.408179012345679 0.2847222222222222
walmart 0.13554526748971193 0.683641975308642 0.14969135802469136 0.6902006172839507
walmart 0.2132201646090535 0.6936728395061729 0.2265946502057613 0.7002314814814815
walmart-symbol 0.22608024691358025 0.6944444444444444 0.23122427983539096 0.7029320987654321
walmart-symbol 0.1484053497942387 0.6840277777777778 0.15380658436213993 0.6917438271604939
walmart 0.5727880658436214 0.7507716049382716 0.585133744855967 0.7600308641975309
walmart-symbol 0.5841049382716049 0.7511574074074074 0.5897633744855967 0.7627314814814815
walmart 0.779320987654321 0.7804783950617284 0.7916666666666666 0.7912808641975309
walmart-symbol 0.7908950617283951 0.7800925925925926 0.7952674897119342 0.7943672839506173
walmart-symbol 0.8796296296296297 0.7557870370370371 0.9068930041152263 0.8024691358024691