nike 0.31875 0.6952380952380952 0.455 0.7885714285714286
nike 0.41625 0.6057142857142858 0.4375 0.6266666666666667
nike 0.3325 0.5466666666666666 0.36 0.5828571428571429
nike 0.3975 0.4895238095238095 0.415 0.5066666666666667
nike 0.35875 0.3942857142857143 0.3775 0.41333333333333333
nike 0.33 0.30666666666666664 0.34625 0.3295238095238095
nike 0.30125 0.22476190476190477 0.31375 0.24
nike 0.225 0.16952380952380952 0.25125 0.2019047619047619
nike 0.78625 0.52 0.815 0.5676190476190476
nike 0.6625 0.24571428571428572 0.69 0.2761904761904762
nike 0.76875 0.6704761904761904 0.9075 0.7523809523809524
nike 0.8625 0.5904761904761905 0.88375 0.6133333333333333
nike 0.81 0.47619047619047616 0.82875 0.49142857142857144
nike 0.7725 0.36952380952380953 0.79 0.38095238095238093
nike 0.73125 0.2876190476190476 0.7475 0.30095238095238097
nike 0.7075 0.31047619047619046 0.73 0.34285714285714286