nestle 0.7253846153846154 0.3298872180451128 0.8 0.35714285714285715
nestle 0.20923076923076922 0.4642857142857143 0.25153846153846154 0.5028195488721805
nescafe 0.08076923076923077 0.6879699248120301 0.1453846153846154 0.7387218045112782
smarties 0.44769230769230767 0.7236842105263158 0.5446153846153846 0.75
nestle 0.5661538461538461 0.5310150375939849 0.6192307692307693 0.568609022556391
nescafe 0.39615384615384613 0.5281954887218046 0.42538461538461536 0.631578947368421
nescafe 0.4 0.5018796992481203 0.46923076923076923 0.5206766917293233
loreal 0.31076923076923074 0.7772556390977443 0.3507692307692308 0.7885338345864662
aftereight 0.6115384615384616 0.7227443609022557 0.7538461538461538 0.8308270676691729
aftereight 0.6292307692307693 0.6766917293233082 0.7915384615384615 0.7546992481203008
aftereight 0.7892307692307692 0.806390977443609 0.8353846153846154 0.8524436090225563
purina 0.13384615384615384 0.27537593984962405 0.18769230769230769 0.29229323308270677
purina 0.38846153846153847 0.4483082706766917 0.4553846153846154 0.4642857142857143