philips 0.4677734375 0.5431918008784773 0.546875 0.5871156661786238
philips 0.81640625 0.7847730600292826 0.8525390625 0.8111273792093704
philips 0.6123046875 0.5212298682284041 0.64453125 0.5358711566617862
philips 0.2216796875 0.6603221083455344 0.25390625 0.6852122986822841
asus 0.2705078125 0.40995607613469986 0.2978515625 0.424597364568082
asus 0.314453125 0.43923865300146414 0.3388671875 0.45241581259150804
acer 0.375 0.39970717423133234 0.404296875 0.42020497803806733
asus 0.4541015625 0.404099560761347 0.4794921875 0.41874084919472915
lenovo 0.5498046875 0.43484626647144947 0.5732421875 0.45241581259150804
lenovo 0.5166015625 0.4333821376281113 0.5390625 0.4480234260614934
acer 0.099609375 0.5314787701317716 0.1201171875 0.5505124450951684