philips 0.12333333333333334 0.20563549160671463 0.23944444444444443 0.31894484412470026
philips 0.355 0.5455635491606715 0.40555555555555556 0.5695443645083933
saturn 0.058333333333333334 0.7517985611510791 0.12611111111111112 0.7829736211031175
philips 0.3933333333333333 0.5893285371702638 0.41444444444444445 0.5971223021582733
philips 0.20444444444444446 0.6031175059952039 0.2222222222222222 0.6109112709832134
philips 0.20166666666666666 0.6342925659472423 0.22166666666666668 0.6414868105515588
philips 0.2 0.6636690647482014 0.22055555555555556 0.670863309352518
philips 0.2011111111111111 0.6930455635491607 0.2222222222222222 0.6990407673860911
philips 0.20333333333333334 0.7218225419664268 0.225 0.7290167865707434
philips 0.14444444444444443 0.697841726618705 0.1661111111111111 0.7050359712230215
philips 0.14666666666666667 0.7266187050359713 0.16666666666666666 0.7332134292565947
philips 0.14555555555555555 0.6678657074340527 0.1661111111111111 0.6750599520383693
philips 0.145 0.6390887290167866 0.1661111111111111 0.64568345323741
philips 0.1288888888888889 0.6013189448441247 0.14722222222222223 0.6091127098321343
philips 0.15166666666666667 0.6007194244604317 0.1711111111111111 0.6085131894484412
philips 0.7927777777777778 0.5995203836930456 0.8255555555555556 0.6085131894484412
philips 0.7455555555555555 0.6624700239808153 0.7688888888888888 0.670263788968825
philips 0.7888888888888889 0.6642685851318945 0.8127777777777778 0.6726618705035972
philips 0.7905555555555556 0.7164268585131894 0.8138888888888889 0.7242206235011991
philips 0.835 0.7194244604316546 0.8588888888888889 0.7284172661870504
philips 0.7455555555555555 0.7134292565947242 0.7677777777777778 0.7224220623501199
philips 0.5816666666666667 0.5695443645083933 0.5988888888888889 0.5755395683453237
philips 0.625 0.5719424460431655 0.6422222222222222 0.5779376498800959
philips 0.6494444444444445 0.5731414868105515 0.6666666666666666 0.5779376498800959
philips 0.6766666666666666 0.5731414868105515 0.695 0.5779376498800959
philips 0.7027777777777777 0.5719424460431655 0.7222222222222222 0.5773381294964028