lego-symbol 0.015170670037926675 0.0380859375 0.1820480404551201 0.099609375
shell-text 0.30973451327433627 0.044921875 0.3615676359039191 0.0615234375
shell-text 0.7307206068268015 0.0517578125 0.9469026548672567 0.130859375
shell-text 0.7433628318584071 0.2353515625 0.9835651074589128 0.2666015625
shell-text 0.7471554993678887 0.10546875 0.943109987357775 0.1806640625
shell-symbol 0.42857142857142855 0.2119140625 0.48166877370417194 0.2509765625
shell-text 0.43489254108723135 0.2236328125 0.47914032869785084 0.23828125
lego-symbol 0.4993678887484197 0.2744140625 0.5853350189633375 0.3046875
lego-symbol 0.13653603034134007 0.3837890625 0.2553729456384324 0.4267578125
shell-text 0.3552465233881163 0.400390625 0.40328697850821743 0.412109375
shell-text 0.0986093552465234 0.58984375 0.2225031605562579 0.611328125
shell-text 0.20480404551201012 0.6728515625 0.32869785082174463 0.697265625
shell-text 0.2515802781289507 0.7783203125 0.44121365360303416 0.8046875
shell-text 0.28445006321112515 0.904296875 0.47029077117572693 0.9345703125
shell-text 0.5865992414664981 0.69140625 0.6346396965865992 0.7060546875
shell-text 0.6991150442477876 0.689453125 0.7522123893805309 0.7021484375
shell-text 0.8103666245259166 0.6845703125 0.8647281921618205 0.7021484375
shell-text 0.922882427307206 0.7001953125 0.97724399494311 0.7158203125
shell-text 0.4450063211125158 0.7138671875 0.5056890012642224 0.7294921875
shell-symbol 0.44627054361567636 0.6982421875 0.5056890012642224 0.7431640625