0 0.1619047619047619 0.08333333333333333 1.0 0.2619047619047619
0 0.0007936507936507937 0.13214285714285715 0.06984126984126984 0.2976190476190476
0 0.0007936507936507937 0.6738095238095239 0.39126984126984127 0.8214285714285714
0 0.6261904761904762 0.5833333333333334 0.6341269841269841 0.5928571428571429
0 0.4928571428571429 0.5702380952380952 0.4984126984126984 0.5773809523809523
0 0.3515873015873016 0.5297619047619048 0.3603174603174603 0.5428571428571428
0 0.3531746031746032 0.5642857142857143 0.3619047619047619 0.5785714285714286
0 0.30634920634920637 0.5642857142857143 0.3142857142857143 0.5761904761904761
0 0.2904761904761905 0.5511904761904762 0.30158730158730157 0.5642857142857143
0 0.2968253968253968 0.544047619047619 0.3055555555555556 0.5523809523809524
0 0.346031746031746 0.5607142857142857 0.3547619047619048 0.569047619047619
