0 0.5587096774193548 0.07915057915057915 0.6451612903225806 0.14478764478764478
0 0.7806451612903226 0.0019305019305019305 0.9148387096774193 0.0945945945945946
0 0.7741935483870968 0.7702702702702703 0.9561290322580646 0.88996138996139
0 0.5574193548387096 0.6698841698841699 0.6541935483870968 0.7413127413127413
0 0.4038709677419355 0.1969111969111969 0.4593548387096774 0.24324324324324326
0 0.37548387096774194 0.6563706563706564 0.43483870967741933 0.7065637065637066
0 0.2787096774193548 0.6293436293436293 0.31483870967741934 0.6737451737451737
0 0.12516129032258064 0.5984555984555985 0.14709677419354839 0.6254826254826255
0 0.08774193548387096 0.584942084942085 0.10709677419354839 0.6081081081081081
0 0.14451612903225808 0.2953667953667954 0.16774193548387098 0.3223938223938224
0 0.11225806451612903 0.33783783783783783 0.12774193548387097 0.35714285714285715
0 0.3574193548387097 0.13513513513513514 0.3741935483870968 0.1525096525096525
0 0.2103225806451613 0.28378378378378377 0.23225806451612904 0.3127413127413127
0 0.14709677419354839 0.02702702702702703 0.1664516129032258 0.059845559845559844
