0 0.1796875 0.078125 0.3502604166666667 0.2080078125
0 0.7604166666666666 0.255859375 0.8033854166666666 0.2900390625
0 0.78515625 0.3359375 0.8333333333333334 0.3701171875
0 0.3020833333333333 0.6513671875 0.34765625 0.68359375
0 0.3893229166666667 0.6533203125 0.43359375 0.6875
0 0.4739583333333333 0.6533203125 0.5182291666666666 0.6845703125
0 0.609375 0.65625 0.6497395833333334 0.685546875
0 0.6953125 0.658203125 0.7369791666666666 0.6875
0 0.78515625 0.6572265625 0.8268229166666666 0.6884765625
0 0.51953125 0.794921875 0.6002604166666666 0.8134765625
0 0.515625 0.974609375 0.58984375 0.9892578125
0 0.3046875 0.845703125 0.3450520833333333 0.8759765625
0 0.38671875 0.8447265625 0.4283854166666667 0.876953125
0 0.4674479166666667 0.845703125 0.5104166666666666 0.8759765625
0 0.5989583333333334 0.8466796875 0.6393229166666666 0.8740234375
0 0.6770833333333334 0.8486328125 0.7200520833333334 0.876953125
0 0.7604166666666666 0.8515625 0.80078125 0.8798828125
