0 0.48177496038034867 0.5916666666666667 0.7670364500792393 0.7316666666666667
0 0.15530903328050713 0.5516666666666666 0.2551505546751189 0.7266666666666667
0 0.31378763866877973 0.44666666666666666 0.35974643423137875 0.46
0 0.2694136291600634 0.375 0.312202852614897 0.39
0 0.35974643423137875 0.35 0.40570522979397783 0.36333333333333334
0 0.4595879556259905 0.31833333333333336 0.5023771790808241 0.3333333333333333
0 0.5515055467511886 0.29333333333333333 0.589540412044374 0.305
0 0.6386687797147385 0.26666666666666666 0.6782884310618067 0.2783333333333333
0 0.4152139461172742 0.4116666666666667 0.45641838351822506 0.4266666666666667
0 0.5118858954041204 0.385 0.5530903328050714 0.39666666666666667
0 0.6038034865293186 0.35333333333333333 0.6450079239302694 0.36666666666666664
0 0.6909667194928685 0.3233333333333333 0.7353407290015848 0.33666666666666667
0 0.3613312202852615 0.51 0.40729001584786056 0.525
0 0.4611727416798732 0.475 0.5055467511885895 0.49
0 0.561014263074485 0.44333333333333336 0.6038034865293186 0.45666666666666667
0 0.6576862123613312 0.4116666666666667 0.6988906497622821 0.42833333333333334
0 0.7480190174326465 0.38166666666666665 0.7923930269413629 0.395
