0 0.14833333333333334 0.245 0.8483333333333334 0.44166666666666665
0 0.7233333333333334 0.125 0.8766666666666667 0.16
0 0.07166666666666667 0.785 0.22 0.815
0 0.30333333333333334 0.7866666666666666 0.44166666666666665 0.81
0 0.09333333333333334 0.7233333333333334 0.22833333333333333 0.7483333333333333
0 0.11 0.6683333333333333 0.23833333333333334 0.6916666666666667
0 0.31166666666666665 0.7233333333333334 0.44166666666666665 0.7466666666666667
0 0.5283333333333333 0.785 0.6633333333333333 0.8133333333333334
0 0.525 0.7183333333333334 0.6566666666666666 0.7433333333333333
0 0.31666666666666665 0.665 0.44666666666666666 0.6866666666666666
0 0.5233333333333333 0.6616666666666666 0.655 0.6883333333333334
0 0.7433333333333333 0.7233333333333334 0.8716666666666667 0.7466666666666667
0 0.7516666666666667 0.7866666666666666 0.8883333333333333 0.81
0 0.125 0.615 0.24833333333333332 0.6366666666666667
0 0.32666666666666666 0.6133333333333333 0.4533333333333333 0.635
0 0.52 0.61 0.645 0.6366666666666667
0 0.7216666666666667 0.61 0.8466666666666667 0.635
0 0.73 0.6633333333333333 0.8616666666666667 0.69
