0 0.7255555555555555 0.038181818181818185 0.7788888888888889 0.10727272727272727
0 0.6477777777777778 0.16 0.8744444444444445 0.22363636363636363
0 0.5044444444444445 0.509090909090909 0.5566666666666666 0.5272727272727272
0 0.7122222222222222 0.4818181818181818 0.7622222222222222 0.49818181818181817
0 0.14888888888888888 0.48727272727272725 0.17888888888888888 0.5236363636363637
0 0.052222222222222225 0.8727272727272727 0.13777777777777778 0.8963636363636364
0 0.5922222222222222 0.9109090909090909 0.6422222222222222 0.9327272727272727
0 0.7044444444444444 0.8363636363636363 0.7966666666666666 0.8654545454545455
0 0.8788888888888889 0.8527272727272728 0.9055555555555556 0.8981818181818182
0 0.43333333333333335 0.48 0.47 0.5472727272727272
0 0.7911111111111111 0.34 0.8455555555555555 0.3563636363636364
0 0.21222222222222223 0.8836363636363637 0.23666666666666666 0.92
0 0.3711111111111111 0.9018181818181819 0.3877777777777778 0.9272727272727272
0 0.2111111111111111 0.5 0.26222222222222225 0.5181818181818182
