0 0.09137931034482759 0.28793103448275864 0.2517241379310345 0.453448275862069
0 0.29482758620689653 0.2637931034482759 0.45689655172413796 0.4413793103448276
0 0.6 0.38275862068965516 0.7913793103448276 0.5379310344827586
0 0.8293103448275863 0.23620689655172414 1.0 0.3689655172413793
0 0.5810344827586207 0.13620689655172413 0.7603448275862069 0.24310344827586206
0 0.08103448275862069 0.593103448275862 0.28448275862068967 0.7137931034482758
0 0.1724137931034483 0.6827586206896552 0.36724137931034484 0.753448275862069
0 0.5517241379310345 0.6620689655172414 0.7448275862068966 0.8155172413793104
0 0.7965517241379311 0.6275862068965518 0.996551724137931 0.7603448275862069
0 0.8293103448275863 0.8086206896551724 1.0 0.8706896551724138
0 0.8913793103448275 0.36551724137931035 0.9620689655172414 0.5189655172413793
0 0.5413793103448276 0.28793103448275864 0.7258620689655172 0.3931034482758621
