0 0.04190260475651189 0.3815987933634992 0.20271800679501698 0.49321266968325794
0 0.23103057757644394 0.5972850678733032 0.43148357870894677 0.6953242835595776
0 0.3522083805209513 0.033182503770739065 0.4552661381653454 0.0889894419306184
0 0.434881087202718 0.5972850678733032 0.5934314835787089 0.6726998491704375
0 0.4507361268403171 0.47058823529411764 0.5458663646659117 0.5656108597285068
0 0.5594563986409966 0.016591251885369532 0.6104190260475651 0.21116138763197587
0 0.7587768969422424 0.5656108597285068 0.8776896942242356 0.6591251885369532
0 0.6036240090600227 0.6576168929110106 0.7259343148357871 0.7239819004524887
0 0.6930917327293318 0.25037707390648567 0.7463193657984145 0.27450980392156865
0 0.8742921857304643 0.6470588235294118 0.9988674971687429 0.7209653092006033
