0 0.05555555555555555 0.07222222222222222 0.45 0.1388888888888889
0 0.5833333333333334 0.07222222222222222 0.6888888888888889 0.12222222222222222
0 0.8222222222222222 0.07222222222222222 0.9222222222222223 0.12777777777777777
0 0.1111111111111111 0.29444444444444445 0.2111111111111111 0.35555555555555557
0 0.4111111111111111 0.2777777777777778 0.8 0.3388888888888889
0 0.06111111111111111 0.5 0.45 0.5722222222222222
0 0.5777777777777777 0.5 0.6833333333333333 0.5555555555555556
0 0.8166666666666667 0.5 0.9166666666666666 0.5555555555555556
0 0.11666666666666667 0.7222222222222222 0.2222222222222222 0.7777777777777778
0 0.4166666666666667 0.7 0.7888888888888889 0.7722222222222223
0 0.06111111111111111 0.9222222222222223 0.45 0.9888888888888889
0 0.5777777777777777 0.9222222222222223 0.6833333333333333 0.9777777777777777
0 0.8111111111111111 0.9277777777777778 0.9111111111111111 0.9777777777777777
