0 0.6159574468085106 0.7164461247637051 0.6563829787234042 0.7863894139886578
0 0.9223404255319149 0.7466918714555766 0.9702127659574468 0.8128544423440454
0 0.7382978723404255 0.42533081285444235 0.7680851063829788 0.46880907372400754
0 0.9563829787234043 0.332703213610586 0.9893617021276596 0.3761814744801512
0 0.5234042553191489 0.5236294896030246 0.548936170212766 0.5652173913043478
0 0.9372340425531915 0.6200378071833649 0.9617021276595744 0.6465028355387523
0 0.973404255319149 0.5822306238185255 1.0 0.6465028355387523
0 0.3702127659574468 0.00945179584120983 0.4829787234042553 0.1776937618147448
0 0.11914893617021277 0.1776937618147448 0.1702127659574468 0.22495274102079396
0 0.1148936170212766 0.8903591682419659 0.2053191489361702 1.0
