0 0.53125 0.4613466334164589 0.55625 0.48129675810473815
0 0.51 0.1745635910224439 0.53125 0.20199501246882792
0 0.0125 0.4389027431421446 0.03375 0.4613466334164589
0 0.03875 0.4389027431421446 0.06 0.46384039900249374
0 0.00625 0.10473815461346633 0.03125 0.13216957605985039
0 0.0375 0.10723192019950124 0.05875 0.1396508728179551
0 0.17875 0.14962593516209477 0.19625 0.1745635910224439
0 0.0175 0.7780548628428927 0.0425 0.800498753117207
0 0.075 0.7605985037406484 0.09875 0.7830423940149626
0 0.1 0.7556109725685786 0.12 0.7780548628428927
0 0.14875 0.743142144638404 0.16625 0.7630922693266833
0 0.21375 0.7231920199501247 0.23125 0.7456359102244389
0 0.08875 0.12219451371571072 0.10875 0.15211970074812967
