0 0.016617790811339198 0.29132791327913277 0.059628543499511244 0.3143631436314363
0 0.13978494623655913 0.3075880758807588 0.18572825024437928 0.3319783197831978
0 0.09188660801564028 0.3821138211382114 0.15249266862170088 0.4105691056910569
0 0.19550342130987292 0.43224932249322495 0.22971652003910067 0.46612466124661245
0 0.27174975562072334 0.38482384823848237 0.30009775171065495 0.3983739837398374
0 0.08308895405669599 0.5745257452574526 0.10361681329423265 0.6111111111111112
0 0.1603128054740958 0.5880758807588076 0.19648093841642228 0.6273712737127372
0 0.0635386119257087 0.7262872628726287 0.11534701857282502 0.8089430894308943
0 0.1495601173020528 0.7777777777777778 0.19550342130987292 0.8211382113821138
0 0.20430107526881722 0.7357723577235772 0.2756598240469208 0.7723577235772358
0 0.2873900293255132 0.8726287262872628 0.34701857282502446 0.8888888888888888
0 0.8826979472140762 0.5907859078590786 0.9648093841642229 0.6368563685636857
0 0.8220918866080157 0.5989159891598916 0.8641251221896383 0.6449864498644986
0 0.8924731182795699 0.8685636856368564 0.9951124144672532 0.9132791327913279
0 0.8347996089931574 0.26287262872628725 0.9472140762463344 0.2994579945799458
0 0.884652981427175 0.5067750677506775 0.9130009775171065 0.5311653116531165
0 0.7429130009775171 0.8875338753387534 0.772238514173998 0.9132791327913279
0 0.678396871945259 0.9051490514905149 0.7253176930596286 0.9417344173441734
0 0.7976539589442815 0.9092140921409214 0.8611925708699902 0.9525745257452575
0 0.8162267839687195 0.8035230352303523 0.8563049853372434 0.8265582655826558
0 0.7888563049853372 0.6856368563685636 0.8025415444770283 0.7628726287262872
0 0.7331378299120235 0.7208672086720868 0.7751710654936461 0.7344173441734417
0 0.8621700879765396 0.6775067750677507 0.8836754643206256 0.6937669376693767
0 0.8103616813294232 0.491869918699187 0.8680351906158358 0.5311653116531165
0 0.7497556207233627 0.5013550135501355 0.7820136852394917 0.5257452574525745
0 0.6920821114369502 0.43089430894308944 0.7341153470185728 0.44308943089430897
0 0.696969696969697 0.4051490514905149 0.7419354838709677 0.42140921409214094
0 0.7047898338220919 0.3821138211382114 0.7478005865102639 0.3997289972899729
0 0.7116324535679375 0.3604336043360434 0.7536656891495601 0.37533875338753386
0 0.7458455522971652 0.25474254742547425 0.7917888563049853 0.28184281842818426
0 0.8054740957966764 0.4281842818428184 0.8455522971652004 0.44850948509485095
