0 0.21375 0.0880281690140845 0.39 0.16901408450704225
0 0.20125 0.2007042253521127 0.3825 0.29577464788732394
0 0.1975 0.31866197183098594 0.38375 0.4137323943661972
0 0.185 0.5 0.36875 0.602112676056338
0 0.17875 0.6584507042253521 0.36875 0.7517605633802817
0 0.1725 0.8204225352112676 0.3725 0.926056338028169
0 0.18875 0.07922535211267606 0.22625 0.09683098591549295
0 0.1675 0.17781690140845072 0.2125 0.2007042253521127
0 0.16125 0.2992957746478873 0.2075 0.3257042253521127
0 0.13625 0.49119718309859156 0.185 0.5176056338028169
0 0.12375 0.6355633802816901 0.18 0.6637323943661971
0 0.11875 0.8028169014084507 0.1725 0.8362676056338029
0 0.565 0.06514084507042253 0.61125 0.0897887323943662
0 0.56 0.18661971830985916 0.605 0.20950704225352113
0 0.5675 0.301056338028169 0.61375 0.323943661971831
0 0.5725 0.4630281690140845 0.6225 0.4894366197183099
0 0.58 0.6109154929577465 0.63125 0.6373239436619719
0 0.57125 0.7588028169014085 0.6275 0.7887323943661971
0 0.59625 0.09330985915492958 0.76375 0.15845070422535212
0 0.595 0.20950704225352113 0.76875 0.2869718309859155
0 0.60375 0.31338028169014087 0.7875 0.40492957746478875
0 0.6175 0.4753521126760563 0.765 0.5580985915492958
0 0.62875 0.625 0.785 0.7077464788732394
0 0.62125 0.778169014084507 0.785 0.8697183098591549
