0 0.11621621621621622 0.026236125126135216 0.3202702702702703 0.1584258324924319
0 0.14594594594594595 0.10595358224016145 0.3635135135135135 0.13218970736629668
0 0.654054054054054 0.009081735620585268 0.8486486486486486 0.13824419778002017
0 0.21081081081081082 0.5731584258324924 0.2527027027027027 0.6074672048435923
0 0.21891891891891893 0.5943491422805247 0.24864864864864866 0.6014127144298688
0 0.5783783783783784 0.8123107971745711 0.6391891891891892 0.8546922300706358
0 0.822972972972973 0.82744702320888 0.8743243243243243 0.856710393541877
0 0.3472972972972973 0.8890010090817356 0.37432432432432433 0.9091826437941474
0 0.1554054054054054 0.8133198789101918 0.21486486486486486 0.8355196770938446
0 0.32432432432432434 0.8546922300706358 0.3783783783783784 0.8809283551967709
0 0.722972972972973 0.8698284561049445 0.7527027027027027 0.887991927346115
0 0.8621621621621621 0.9576185671039354 0.9202702702702703 0.9687184661957619
0 0.8121621621621622 0.8304742684157417 0.8675675675675676 0.8385469223007064
0 0.5878378378378378 0.8324924318869829 0.65 0.8456104944500504
