0 0.07261029411764706 0.14419934640522875 0.10876225490196079 0.16830065359477125
0 0.19424019607843138 0.14052287581699346 0.2349877450980392 0.1621732026143791
0 0.07261029411764706 0.003676470588235294 0.09895833333333333 0.016748366013071895
0 0.32965686274509803 0.13316993464052287 0.3710171568627451 0.1527777777777778
0 0.4837622549019608 0.07924836601307189 0.5278799019607843 0.10212418300653595
0 0.617953431372549 0.0755718954248366 0.6657475490196079 0.10580065359477124
0 0.7441789215686274 0.0718954248366013 0.7901348039215687 0.09722222222222222
0 0.8964460784313726 0.08169934640522876 0.9433210784313726 0.10457516339869281
0 0.11948529411764706 0.45302287581699346 0.1565563725490196 0.4758986928104575
0 0.3756127450980392 0.4493464052287582 0.4215686274509804 0.47467320261437906
0 0.5419730392156863 0.4019607843137255 0.5824142156862745 0.42116013071895425
0 0.7215073529411765 0.3737745098039216 0.7910539215686274 0.40604575163398693
0 0.3440563725490196 0.28594771241830064 0.40870098039215685 0.30392156862745096
0 0.758578431372549 0.6380718954248366 0.7925857843137255 0.6523692810457516
0 0.7818627450980392 0.7230392156862745 0.8186274509803921 0.733251633986928
0 0.8097426470588235 0.8186274509803921 0.8458946078431373 0.8361928104575164
0 0.8318014705882353 0.9264705882352942 0.8682598039215687 0.9419934640522876
0 0.664828431372549 0.5837418300653595 0.6939338235294118 0.5968137254901961
0 0.5701593137254902 0.8529411764705882 0.6145833333333334 0.8762254901960784
0 0.5646446078431373 0.75 0.6084558823529411 0.7683823529411765
0 0.5560661764705882 0.6638071895424836 0.5888480392156863 0.6764705882352942
0 0.5477941176470589 0.5976307189542484 0.5750612745098039 0.6127450980392157
0 0.45128676470588236 0.6013071895424836 0.47732843137254904 0.6111111111111112
0 0.44515931372549017 0.6678921568627451 0.4837622549019608 0.6797385620915033
0 0.45006127450980393 0.7569444444444444 0.49325980392156865 0.7704248366013072
0 0.43106617647058826 0.8615196078431373 0.47640931372549017 0.8786764705882353
0 0.34589460784313725 0.5996732026143791 0.37714460784313725 0.6123366013071896
0 0.3333333333333333 0.6723856209150327 0.3697916666666667 0.6838235294117647
0 0.33057598039215685 0.7532679738562091 0.37193627450980393 0.7704248366013072
0 0.29993872549019607 0.8643790849673203 0.34681372549019607 0.8831699346405228
0 0.16942401960784315 0.8627450980392157 0.21752450980392157 0.8819444444444444
0 0.20128676470588236 0.7675653594771242 0.24325980392156862 0.7859477124183006
0 0.21997549019607843 0.676062091503268 0.25888480392156865 0.6887254901960784
0 0.13756127450980393 0.6156045751633987 0.16819852941176472 0.6282679738562091
0 0.10753676470588236 0.6866830065359477 0.1409313725490196 0.7001633986928104
0 0.08302696078431372 0.7638888888888888 0.1246936274509804 0.7781862745098039
0 0.03829656862745098 0.8651960784313726 0.08302696078431372 0.8848039215686274
0 0.012867647058823529 0.6752450980392157 0.046875 0.690359477124183
0 0.24816176470588236 0.6041666666666666 0.27267156862745096 0.6172385620915033
0 0.05238970588235294 0.6094771241830066 0.0821078431372549 0.619281045751634
