0 0.3994082840236686 0.5 0.6568047337278107 0.5644444444444444
0 0.6597633136094675 0.5066666666666667 0.8994082840236687 0.5488888888888889
0 0.4319526627218935 0.33111111111111113 0.5887573964497042 0.4444444444444444
0 0.742603550295858 0.08 0.7958579881656804 0.24666666666666667
0 0.5207100591715976 0.0022222222222222222 0.5710059171597633 0.14444444444444443
0 0.005917159763313609 0.5044444444444445 0.15384615384615385 0.56
0 0.1863905325443787 0.5133333333333333 0.2692307692307692 0.5488888888888889
0 0.038461538461538464 0.38222222222222224 0.14792899408284024 0.4622222222222222
0 0.19230769230769232 0.4311111111111111 0.27218934911242604 0.4888888888888889
0 0.6597633136094675 0.38666666666666666 0.7810650887573964 0.4688888888888889
0 0.25443786982248523 0.18666666666666668 0.28402366863905326 0.29777777777777775
