0 0.29583333333333334 0.025 0.40625 0.08611111111111111
0 0.03958333333333333 0.011111111111111112 0.16458333333333333 0.08611111111111111
0 0.5541666666666667 0.022222222222222223 0.6708333333333333 0.09444444444444444
0 0.7979166666666667 0.025 0.9041666666666667 0.10555555555555556
0 0.0020833333333333333 0.7138888888888889 0.175 0.8277777777777777
0 0.19583333333333333 0.7222222222222222 0.425 0.8416666666666667
0 0.48333333333333334 0.7166666666666667 0.71875 0.8361111111111111
0 0.7354166666666667 0.725 0.9395833333333333 0.8444444444444444
0 0.0020833333333333333 0.5555555555555556 0.12083333333333333 0.6972222222222222
0 0.24375 0.5555555555555556 0.36041666666666666 0.7
0 0.5625 0.5583333333333333 0.6708333333333333 0.7111111111111111
0 0.76875 0.5666666666666667 0.8708333333333333 0.7111111111111111
