0 0.21068548387096775 0.03225806451612903 0.4788306451612903 0.22939068100358423
0 0.1159274193548387 0.6200716845878136 0.24596774193548387 0.7419354838709677
0 0.35181451612903225 0.5734767025089605 0.42036290322580644 0.6362007168458781
0 0.6350806451612904 0.4874551971326165 0.7580645161290323 0.6272401433691757
0 0.6522177419354839 0.33691756272401435 0.7762096774193549 0.44623655913978494
0 0.4778225806451613 0.31362007168458783 0.5907258064516129 0.40860215053763443
0 0.8094758064516129 0.22939068100358423 0.9112903225806451 0.3942652329749104
0 0.7903225806451613 0.42473118279569894 0.9233870967741935 0.5591397849462365
0 0.53125 0.035842293906810034 0.7752016129032258 0.22401433691756273
0 0.08770161290322581 0.45161290322580644 0.2540322580645161 0.6236559139784946
0 0.09375 0.33154121863799285 0.23084677419354838 0.41935483870967744
