0 0.13082437275985664 0.5302491103202847 0.3046594982078853 0.6921708185053381
0 0.14336917562724014 0.1619217081850534 0.2974910394265233 0.31494661921708184
0 0.6433691756272402 0.1583629893238434 0.7831541218637993 0.30604982206405695
0 0.6236559139784946 0.48398576512455516 0.8064516129032258 0.6601423487544484
0 0.13082437275985664 0.8291814946619217 0.2956989247311828 0.998220640569395
0 0.6648745519713262 0.8238434163701067 0.8369175627240143 0.994661921708185
0 0.06272401433691756 0.2099644128113879 0.0985663082437276 0.25622775800711745
0 0.3154121863799283 0.2188612099644128 0.3602150537634409 0.26512455516014233
0 0.43189964157706096 0.2117437722419929 0.460573476702509 0.25444839857651247
0 0.3387096774193548 0.08362989323843416 0.37992831541218636 0.13701067615658363
0 0.2114695340501792 0.12099644128113879 0.25089605734767023 0.17259786476868327
0 0.5609318996415771 0.19572953736654805 0.5931899641577061 0.23843416370106763
0 0.7992831541218638 0.20818505338078291 0.8422939068100358 0.2526690391459075
0 0.9157706093189965 0.20462633451957296 0.9444444444444444 0.24555160142348753
0 0.6684587813620072 0.10676156583629894 0.7132616487455197 0.1583629893238434
0 0.7903225806451613 0.07473309608540925 0.8369175627240143 0.12277580071174377
0 0.6702508960573477 0.40747330960854095 0.7562724014336918 0.501779359430605
0 0.7562724014336918 0.7455516014234875 0.8118279569892473 0.8078291814946619
0 0.34946236559139787 0.8754448398576512 0.3978494623655914 0.9341637010676157
0 0.35304659498207885 0.5729537366548043 0.4032258064516129 0.6281138790035588
0 0.1881720430107527 0.4626334519572954 0.24551971326164876 0.5284697508896797
