0 0.19375 0.4222222222222222 0.40625 0.7148148148148148
0 0.4041666666666667 0.14074074074074075 0.5583333333333333 0.32222222222222224
0 0.008333333333333333 0.1259259259259259 0.175 0.3111111111111111
0 0.06875 0.45185185185185184 0.19583333333333333 0.5962962962962963
0 0.22708333333333333 0.2 0.34375 0.362962962962963
0 0.20625 0.8037037037037037 0.38333333333333336 1.0
0 0.8583333333333333 0.7111111111111111 0.9958333333333333 0.9074074074074074
0 0.825 0.37407407407407406 0.9541666666666667 0.5333333333333333
0 0.6666666666666666 0.43703703703703706 0.8604166666666667 0.7
0 0.6791666666666667 0.15185185185185185 0.8145833333333333 0.3111111111111111
0 0.4791666666666667 0.003703703703703704 0.59375 0.08518518518518518
0 0.9 0.17037037037037037 1.0 0.2962962962962963
0 0.86875 0.022222222222222223 0.96875 0.1259259259259259
0 0.69375 0.003703703703703704 0.7979166666666667 0.11481481481481481
