0 0.5734375 0.4551569506726457 0.709375 0.5089686098654709
0 0.7078125 0.452914798206278 0.7390625 0.5112107623318386
0 0.5375 0.45964125560538116 0.56875 0.515695067264574
0 0.684375 0.5986547085201793 0.70625 0.6547085201793722
0 0.8140625 0.57847533632287 0.84375 0.6367713004484304
0 0.7625 0.5291479820627802 0.846875 0.57847533632287
0 0.6328125 0.5381165919282511 0.7078125 0.5964125560538116
0 0.30625 0.3609865470852018 0.3921875 0.43946188340807174
0 0.3859375 0.2802690582959641 0.4125 0.5
0 0.359375 0.44170403587443946 0.3875 0.5403587443946188
0 0.05 0.2040358744394619 0.0890625 0.3991031390134529
0 0.1140625 0.40358744394618834 0.171875 0.48878923766816146
0 0.68125 0.5358744394618834 0.7546875 0.5695067264573991
