0 0.302 0.06069364161849711 0.47 0.16473988439306358
0 0.23 0.08670520231213873 0.29 0.18786127167630057
0 0.646 0.005780346820809248 0.906 0.1069364161849711
0 0.006 0.13872832369942195 0.14 0.21965317919075145
0 0.824 0.19653179190751446 0.874 0.22254335260115607
0 0.8 0.1936416184971098 0.82 0.22832369942196531
0 0.664 0.21098265895953758 0.716 0.22832369942196531
0 0.65 0.21098265895953758 0.664 0.2398843930635838
0 0.528 0.21965317919075145 0.572 0.24277456647398843
0 0.512 0.22254335260115607 0.526 0.24566473988439305
0 0.404 0.23410404624277456 0.442 0.2543352601156069
0 0.39 0.23410404624277456 0.404 0.25722543352601157
0 0.296 0.24566473988439305 0.332 0.26878612716763006
0 0.284 0.24566473988439305 0.298 0.27167630057803466
