0 0.022 0.03529411764705882 0.083 0.08676470588235294
0 0.031 0.25588235294117645 0.093 0.31176470588235294
0 0.164 0.0014705882352941176 0.224 0.057352941176470586
0 0.169 0.21029411764705883 0.229 0.2735294117647059
0 0.318 0.07352941176470588 0.356 0.10735294117647058
0 0.319 0.26029411764705884 0.36 0.2897058823529412
0 0.442 0.1338235294117647 0.475 0.16323529411764706
0 0.438 0.25882352941176473 0.473 0.3014705882352941
0 0.509 0.2514705882352941 0.54 0.2823529411764706
0 0.514 0.09117647058823529 0.545 0.13529411764705881
0 0.57 0.10147058823529412 0.599 0.13676470588235295
0 0.573 0.23823529411764705 0.602 0.2735294117647059
0 0.64 0.1411764705882353 0.664 0.175
0 0.632 0.2514705882352941 0.657 0.2852941176470588
0 0.68 0.11176470588235295 0.703 0.13970588235294118
0 0.678 0.23088235294117648 0.701 0.25735294117647056
0 0.687 0.4235294117647059 0.709 0.4441176470588235
0 0.68 0.5441176470588235 0.706 0.5705882352941176
0 0.674 0.6544117647058824 0.7 0.6897058823529412
0 0.631 0.6735294117647059 0.657 0.711764705882353
0 0.636 0.5426470588235294 0.662 0.5808823529411765
0 0.56 0.6838235294117647 0.59 0.725
0 0.505 0.7073529411764706 0.538 0.7573529411764706
0 0.506 0.5220588235294118 0.54 0.5691176470588235
0 0.429 0.6573529411764706 0.466 0.7102941176470589
0 0.425 0.7970588235294118 0.461 0.8544117647058823
0 0.4 0.4764705882352941 0.431 0.5073529411764706
0 0.716 0.27058823529411763 0.733 0.2926470588235294
0 0.833 0.3779411764705882 0.852 0.40294117647058825
0 0.793 0.5264705882352941 0.812 0.5455882352941176
0 0.778 0.6102941176470589 0.798 0.6411764705882353
0 0.778 0.23823529411764705 0.797 0.26323529411764707
0 0.78 0.15 0.8 0.175
0 0.823 0.11911764705882352 0.84 0.14411764705882352
0 0.814 0.22794117647058823 0.833 0.24705882352941178
0 0.324 0.6544117647058824 0.368 0.6985294117647058
0 0.326 0.8264705882352941 0.37 0.875
0 0.225 0.6279411764705882 0.275 0.6926470588235294
0 0.237 0.8485294117647059 0.288 0.9176470588235294
0 0.07 0.9088235294117647 0.142 0.9985294117647059
0 0.066 0.6764705882352942 0.14 0.7573529411764706
