0 0.3192982456140351 0.037383177570093455 0.6807017543859649 0.21962616822429906
0 0.08596491228070176 0.5420560747663551 0.13333333333333333 0.6355140186915887
0 0.14210526315789473 0.4322429906542056 0.25263157894736843 0.4672897196261682
0 0.11929824561403508 0.48130841121495327 0.22982456140350876 0.5210280373831776
0 0.3140350877192982 0.37383177570093457 0.387719298245614 0.4485981308411215
0 0.38421052631578945 0.37149532710280375 0.48771929824561405 0.4135514018691589
0 0.49298245614035086 0.35514018691588783 0.5807017543859649 0.43457943925233644
0 0.5842105263157895 0.3901869158878505 0.6421052631578947 0.4649532710280374
0 0.6473684210526316 0.37383177570093457 0.7385964912280701 0.4252336448598131
0 0.6491228070175439 0.4322429906542056 0.7315789473684211 0.48130841121495327
0 0.7385964912280701 0.39485981308411217 0.8280701754385965 0.4672897196261682
0 0.24561403508771928 0.4649532710280374 0.3175438596491228 0.5584112149532711
0 0.14385964912280702 0.5397196261682243 0.24736842105263157 0.5700934579439252
0 0.14736842105263157 0.5771028037383178 0.22807017543859648 0.6822429906542056
0 0.06666666666666667 0.6542056074766355 0.14385964912280702 0.6962616822429907
0 0.22807017543859648 0.572429906542056 0.30701754385964913 0.6355140186915887
0 0.16842105263157894 0.6752336448598131 0.2543859649122807 0.7406542056074766
0 0.08596491228070176 0.7102803738317757 0.1631578947368421 0.7920560747663551
0 0.1280701754385965 0.7733644859813084 0.20526315789473684 0.8551401869158879
0 0.21228070175438596 0.7429906542056075 0.28596491228070176 0.8294392523364486
0 0.2964912280701754 0.7453271028037384 0.3929824561403509 0.8411214953271028
0 0.34385964912280703 0.8154205607476636 0.45789473684210524 0.866822429906542
0 0.2771929824561403 0.8434579439252337 0.37894736842105264 0.9182242990654206
0 0.3912280701754386 0.8855140186915887 0.49122807017543857 0.9182242990654206
0 0.4964912280701754 0.6869158878504673 0.5368421052631579 0.7920560747663551
0 0.41754385964912283 0.6939252336448598 0.48596491228070177 0.8060747663551402
0 0.2736842105263158 0.7009345794392523 0.39649122807017545 0.7406542056074766
0 0.2614035087719298 0.633177570093458 0.3684210526315789 0.6869158878504673
0 0.37543859649122807 0.616822429906542 0.45964912280701753 0.6892523364485982
0 0.45789473684210524 0.6121495327102804 0.5596491228070175 0.6752336448598131
0 0.4807017543859649 0.5 0.5473684210526316 0.6004672897196262
0 0.3105263157894737 0.5560747663551402 0.3929824561403509 0.616822429906542
0 0.3175438596491228 0.4696261682242991 0.3929824561403509 0.5514018691588785
0 0.4017543859649123 0.5280373831775701 0.47368421052631576 0.602803738317757
0 0.3929824561403509 0.4322429906542056 0.47543859649122805 0.5210280373831776
0 0.47543859649122805 0.4392523364485981 0.5649122807017544 0.48364485981308414
0 0.6087719298245614 0.4883177570093458 0.6912280701754386 0.5677570093457944
0 0.5807017543859649 0.5677570093457944 0.6754385964912281 0.633177570093458
0 0.5596491228070175 0.633177570093458 0.6596491228070176 0.6939252336448598
0 0.5035087719298246 0.8808411214953271 0.5842105263157895 0.9252336448598131
0 0.4666666666666667 0.8037383177570093 0.5491228070175439 0.866822429906542
0 0.6508771929824562 0.7663551401869159 0.7228070175438597 0.8598130841121495
0 0.5947368421052631 0.8691588785046729 0.7 0.9252336448598131
0 0.7087719298245614 0.8434579439252337 0.7824561403508772 0.9088785046728972
0 0.7263157894736842 0.7289719626168224 0.7929824561403509 0.822429906542056
0 0.7912280701754386 0.6822429906542056 0.8578947368421053 0.764018691588785
0 0.7894736842105263 0.8014018691588785 0.8543859649122807 0.8901869158878505
0 0.8543859649122807 0.719626168224299 0.9263157894736842 0.8084112149532711
0 0.7912280701754386 0.5560747663551402 0.8614035087719298 0.6658878504672897
0 0.7403508771929824 0.5700934579439252 0.7842105263157895 0.7079439252336449
0 0.6666666666666666 0.6121495327102804 0.7421052631578947 0.6892523364485982
0 0.6280701754385964 0.6962616822429907 0.724561403508772 0.7757009345794392
0 0.5508771929824562 0.705607476635514 0.6140350877192983 0.8060747663551402
0 0.8578947368421053 0.6098130841121495 0.9473684210526315 0.7032710280373832
0 0.8614035087719298 0.5210280373831776 0.9280701754385965 0.602803738317757
0 0.6859649122807018 0.5023364485981309 0.7491228070175439 0.6004672897196262
0 0.7543859649122807 0.4696261682242991 0.8228070175438597 0.5514018691588785
0 0.8456140350877193 0.4532710280373832 0.8947368421052632 0.5233644859813084
0 0.5561403508771929 0.47897196261682246 0.6228070175438597 0.5794392523364486
0 0.18947368421052632 0.8411214953271028 0.27017543859649124 0.897196261682243
