0 0.29 0.45866666666666667 0.4155 0.5422222222222223
0 0.561 0.4728888888888889 0.684 0.56
0 0.571 0.6631111111111111 0.693 0.6995555555555556
0 0.2905 0.6311111111111111 0.406 0.6808888888888889
0 0.2985 0.5742222222222222 0.397 0.6293333333333333
0 0.571 0.5893333333333334 0.6775 0.648
0 0.7255 0.792 0.7465 0.9555555555555556
0 0.2095 0.7831111111111111 0.2565 0.9555555555555556
0 0.6485 0.3048888888888889 0.7015 0.3466666666666667
0 0.408 0.3191111111111111 0.455 0.368
0 0.65 0.2817777777777778 0.6995 0.32266666666666666
0 0.4125 0.30666666666666664 0.4535 0.34755555555555556
0 0.2935 0.37955555555555553 0.4225 0.47644444444444445
0 0.55 0.3884444444444444 0.6785 0.48533333333333334
0 0.5315 0.38133333333333336 0.58 0.41333333333333333
0 0.2785 0.3128888888888889 0.3305 0.3448888888888889
0 0.5285 0.3537777777777778 0.575 0.38222222222222224
0 0.2755 0.2808888888888889 0.3255 0.31555555555555553
0 0.321 0.2551111111111111 0.363 0.3191111111111111
0 0.374 0.28355555555555556 0.4125 0.33066666666666666
0 0.574 0.2986666666666667 0.605 0.34755555555555556
0 0.611 0.25955555555555554 0.6515 0.33955555555555555
0 0.5735 0.04 0.6195 0.07466666666666667
0 0.5725 0.064 0.6205 0.09333333333333334
0 0.8885 0.41955555555555557 0.914 0.5315555555555556
0 0.7035 0.44177777777777777 0.7755 0.47733333333333333
0 0.711 0.41333333333333333 0.7785 0.456
0 0.7195 0.7173333333333334 0.7885 0.7742222222222223
0 0.3325 0.044444444444444446 0.355 0.072
0 0.3385 0.049777777777777775 0.3635 0.07733333333333334
