0 0.011102299762093577 0.5125 0.14195083267248215 0.61875
0 0.18477398889770025 0.5275 0.26645519429024583 0.60125
0 0.401268834258525 0.4975 0.655035685963521 0.63375
0 0.6590007930214116 0.51125 0.8953211736716892 0.5975
0 0.8977002379064235 0.54125 0.9690721649484536 0.58875
0 0.034892942109436956 0.2475 0.14195083267248215 0.41625
0 0.42585249801744646 0.1325 0.5892149088025377 0.375
0 0.1998413957176844 0.34875 0.2696272799365583 0.46875
0 0.6637589214908802 0.2525 0.7763679619349723 0.43375
0 0.2950039651070579 0.285 0.43536875495638383 0.3825
