0 0.3346153846153846 0.2698744769874477 0.4584615384615385 0.3399581589958159
0 0.04692307692307692 0.12447698744769875 0.1076923076923077 0.18828451882845187
0 0.20923076923076922 0.24686192468619247 0.2953846153846154 0.3797071129707113
0 0.09692307692307692 0.8305439330543933 0.26 0.895397489539749
0 0.20846153846153845 0.5230125523012552 0.3353846153846154 0.555439330543933
0 0.47 0.5962343096234309 0.5315384615384615 0.7730125523012552
0 0.7253846153846154 0.2625523012552301 0.79 0.4027196652719665
0 0.3930769230769231 0.036610878661087864 0.5069230769230769 0.09414225941422594
0 0.24384615384615385 0.1108786610878661 0.3423076923076923 0.16108786610878661
0 0.9223076923076923 0.6014644351464435 1.0 0.7050209205020921
0 0.7584615384615384 0.1098326359832636 0.8023076923076923 0.21338912133891214
0 0.23384615384615384 0.016736401673640166 0.31 0.056485355648535567
