0 0.6984375 0.26548672566371684 0.7953125 0.44837758112094395
0 0.571875 0.13274336283185842 0.6734375 0.3303834808259587
0 0.7578125 0.06784660766961652 0.8453125 0.18584070796460178
0 0.896875 0.4896755162241888 0.9578125 0.5811209439528023
0 0.7796875 0.5634218289085545 0.84375 0.6371681415929203
0 0.2640625 0.24188790560471976 0.3234375 0.34513274336283184
0 0.39375 0.0029498525073746312 0.4484375 0.07374631268436578
0 0.5296875 0.0029498525073746312 0.5859375 0.0943952802359882
0 0.8875 0.061946902654867256 0.928125 0.11799410029498525
0 0.81875 0.25958702064896755 0.85625 0.30973451327433627
0 0.9359375 0.22418879056047197 0.9703125 0.26548672566371684
0 0.7015625 0.13274336283185842 0.7421875 0.17994100294985252
