0 0.31833333333333336 0.24217687074829933 0.37666666666666665 0.41768707482993195
0 0.5033333333333333 0.3564625850340136 0.5366666666666666 0.49115646258503404
0 0.27666666666666667 0.7891156462585034 0.43666666666666665 0.8435374149659864
0 0.47333333333333333 0.7782312925170068 0.5516666666666666 0.8136054421768707
0 0.605 0.672108843537415 0.92 0.85578231292517
0 0.12166666666666667 0.1523809523809524 0.15166666666666667 0.3115646258503401
0 0.495 0.17551020408163265 0.5616666666666666 0.22585034013605443
0 0.16166666666666665 0.7578231292517007 0.22166666666666668 0.819047619047619
0 0.07333333333333333 0.6666666666666666 0.13833333333333334 0.7210884353741497
0 0.14833333333333334 0.06802721088435375 0.245 0.09795918367346938
