0 0.2925 0.507 0.3505 0.551
0 0.542 0.4625 0.6065 0.503
0 0.336 0.681 0.349 0.6935
0 0.5055 0.755 0.5235 0.7745
0 0.212 0.652 0.2235 0.682
0 0.239 0.6805 0.2525 0.7115
0 0.186 0.625 0.196 0.6535
0 0.2145 0.7275 0.226 0.7575
0 0.2415 0.7575 0.2535 0.789
0 0.189 0.6995 0.2005 0.728
0 0.1645 0.6705 0.174 0.699
0 0.142 0.6445 0.151 0.672
0 0.1195 0.62 0.1305 0.6465
0 0.1405 0.5755 0.1495 0.603
0 0.1625 0.5995 0.173 0.6265
0 0.118 0.551 0.1275 0.578
0 0.3035 0.6895 0.328 0.717
0 0.3805 0.6695 0.4065 0.6995
0 0.304 0.765 0.3295 0.796
0 0.3805 0.746 0.405 0.777
0 0.454 0.6535 0.477 0.6835
0 0.453 0.729 0.478 0.758
0 0.5275 0.6375 0.5475 0.665
0 0.725 0.6655 0.746 0.6925
0 0.725 0.5935 0.7465 0.622
0 0.7875 0.5805 0.8085 0.607
0 0.7875 0.651 0.8075 0.6775
0 0.8475 0.6365 0.868 0.6625
0 0.8485 0.567 0.8675 0.5935
0 0.6625 0.6075 0.681 0.6325
0 0.6615 0.6805 0.683 0.7075
0 0.84 0.568 0.8485 0.5785
0 0.36 0.564 0.399 0.5915
0 0.629 0.5135 0.6635 0.5375
0 0.495 0.15 0.5065 0.157
