0 0.2618296529968454 0.22911694510739858 0.4794952681388013 0.38902147971360385
0 0.0015772870662460567 0.23389021479713604 0.12933753943217666 0.34844868735083534
0 0.29337539432176657 0.002386634844868735 0.41324921135646686 0.11933174224343675
0 0.0015772870662460567 0.002386634844868735 0.10410094637223975 0.12410501193317422
0 0.5725552050473186 0.360381861575179 0.6403785488958991 0.3818615751789976
0 0.5725552050473186 0.43675417661097854 0.6419558359621451 0.4606205250596659
0 0.6892744479495269 0.4343675417661098 0.7413249211356467 0.45584725536992843
0 0.6908517350157729 0.5155131264916468 0.7444794952681388 0.5346062052505967
0 0.6529968454258676 0.6634844868735084 0.7287066246056783 0.6921241050119332
0 0.6545741324921136 0.7756563245823389 0.7302839116719243 0.8066825775656324
0 0.805993690851735 0.045346062052505964 0.8596214511041009 0.07875894988066826
0 0.8028391167192429 0.14558472553699284 0.8548895899053628 0.17899761336515513
0 0.8028391167192429 0.24821002386634844 0.8548895899053628 0.27923627684964203
0 0.805993690851735 0.3126491646778043 0.8517350157728707 0.34844868735083534
0 0.7949526813880127 0.46539379474940334 0.832807570977918 0.4988066825775656
0 0.805993690851735 0.5632458233890215 0.8296529968454258 0.5966587112171837
0 0.9132492113564669 0.002386634844868735 1.0 0.15274463007159905
0 0.9132492113564669 0.20286396181384247 1.0 0.35799522673031026
0 0.26813880126182965 0.7732696897374701 0.3580441640378549 0.8066825775656324
0 0.3911671924290221 0.7494033412887828 0.46845425867507884 0.7923627684964201
0 0.5047318611987381 0.7040572792362768 0.61198738170347 0.7852028639618138
0 0.27129337539432175 0.883054892601432 0.35646687697160884 0.9116945107398569
0 0.3832807570977918 0.8902147971360382 0.471608832807571 0.9212410501193318
0 0.501577287066246 0.8878281622911695 0.5930599369085173 0.918854415274463
0 0.6230283911671924 0.8926014319809069 0.7113564668769716 0.9212410501193318
0 0.7444794952681388 0.8806682577565632 0.8643533123028391 0.9140811455847255
0 0.305993690851735 0.6873508353221957 0.3438485804416404 0.7064439140811456
0 0.7523659305993691 0.747016706443914 0.831230283911672 0.7852028639618138
0 0.5141955835962145 0.5035799522673031 0.5236593059936908 0.594272076372315
