0 0.367911479944675 0.21067415730337077 0.48132780082987553 0.2752808988764045
0 0.040110650069156296 0.33146067415730335 0.11341632088520055 0.37359550561797755
0 0.21715076071922546 0.1544943820224719 0.2835408022130014 0.199438202247191
0 0.28769017980636236 0.7668539325842697 0.3582295988934993 0.8820224719101124
0 0.17427385892116182 0.4747191011235955 0.23098201936376211 0.5056179775280899
0 0.14107883817427386 0.3792134831460674 0.1991701244813278 0.42134831460674155
0 0.30567081604426005 0.25 0.35269709543568467 0.28651685393258425
0 0.5463347164591977 0.28651685393258425 0.6390041493775933 0.3539325842696629
0 0.648686030428769 0.5252808988764045 0.7219917012448133 0.5674157303370787
0 0.6334716459197787 0.15168539325842698 0.7012448132780082 0.18820224719101122
0 0.7247579529737206 0.24719101123595505 0.7745504840940526 0.2808988764044944
0 0.8312586445366529 0.33146067415730335 0.9017980636237898 0.37640449438202245
0 0.9280774550484094 0.3848314606741573 0.9861687413554634 0.42134831460674155
0 0.7814661134163209 0.6741573033707865 0.8257261410788381 0.7050561797752809
0 0.7717842323651453 0.351123595505618 0.8215767634854771 0.3792134831460674
