0 0.72 0.2571428571428571 0.7506666666666667 0.3976190476190476
0 0.3506666666666667 0.930952380952381 0.4066666666666667 0.9571428571428572
0 0.7813333333333333 0.2571428571428571 0.816 0.39285714285714285
0 0.8426666666666667 0.2642857142857143 0.8746666666666667 0.3976190476190476
0 0.9106666666666666 0.2642857142857143 0.944 0.3952380952380952
0 0.7306666666666667 0.44761904761904764 0.7586666666666667 0.4738095238095238
0 0.7893333333333333 0.44285714285714284 0.824 0.46904761904761905
0 0.852 0.4452380952380952 0.88 0.4666666666666667
0 0.92 0.44285714285714284 0.9493333333333334 0.4642857142857143
0 0.724 0.25952380952380955 0.736 0.319047619047619
0 0.1 0.1761904761904762 0.13466666666666666 0.3357142857142857
0 0.232 0.19285714285714287 0.26666666666666666 0.34523809523809523
0 0.3506666666666667 0.1976190476190476 0.38266666666666665 0.34285714285714286
0 0.43066666666666664 0.2119047619047619 0.4493333333333333 0.32857142857142857
0 0.35733333333333334 0.3738095238095238 0.384 0.39285714285714285
0 0.108 0.36666666666666664 0.14133333333333334 0.3880952380952381
0 0.23866666666666667 0.3761904761904762 0.27066666666666667 0.3976190476190476
0 0.43466666666666665 0.36666666666666664 0.45466666666666666 0.3880952380952381
0 0.10133333333333333 0.17857142857142858 0.116 0.24047619047619048
0 0.232 0.19285714285714287 0.244 0.25952380952380955
0 0.3506666666666667 0.2 0.3626666666666667 0.25952380952380955
0 0.5986666666666667 0.3523809523809524 0.628 0.3976190476190476
0 0.6506666666666666 0.3523809523809524 0.6906666666666667 0.39285714285714285
0 0.588 0.25 0.632 0.30238095238095236
0 0.6413333333333333 0.2523809523809524 0.6973333333333334 0.30714285714285716
0 0.6813333333333333 0.25476190476190474 0.6973333333333334 0.27380952380952384
0 0.784 0.2571428571428571 0.7986666666666666 0.3142857142857143
0 0.8466666666666667 0.2642857142857143 0.86 0.32142857142857145
0 0.9146666666666666 0.2642857142857143 0.9293333333333333 0.319047619047619
