0 0.257 0.697 0.2985 0.7085
0 0.734 0.3115 0.778 0.3555
0 0.261 0.316 0.3155 0.3625
0 0.3495 0.6265 0.3995 0.674
0 0.233 0.4765 0.275 0.5255
0 0.234 0.6105 0.2655 0.6535
0 0.35 0.513 0.3915 0.5535
0 0.3455 0.421 0.3905 0.463
0 0.3405 0.7525 0.386 0.8025
0 0.476 0.7585 0.5195 0.8
0 0.602 0.7505 0.6455 0.791
0 0.7215 0.7275 0.753 0.774
0 0.4905 0.639 0.534 0.6875
0 0.6175 0.6365 0.661 0.6825
0 0.6945 0.4995 0.7395 0.546
0 0.7485 0.349 0.7965 0.392
0 0.732 0.613 0.7665 0.6595
0 0.577 0.57 0.628 0.6
0 0.459 0.5535 0.501 0.593
0 0.4655 0.491 0.511 0.521
