0 0.09142857142857143 0.5447619047619048 0.13857142857142857 0.5904761904761905
0 0.16 0.5085714285714286 0.18714285714285714 0.5752380952380952
0 0.09142857142857143 0.5904761904761905 0.14285714285714285 0.6076190476190476
0 0.16 0.5657142857142857 0.18857142857142858 0.6
0 0.2557142857142857 0.3980952380952381 0.3385714285714286 0.4419047619047619
0 0.2542857142857143 0.2723809523809524 0.3357142857142857 0.3980952380952381
0 0.44142857142857145 0.4266666666666667 0.4714285714285714 0.4704761904761905
0 0.69 0.6628571428571428 0.7457142857142857 0.7409523809523809
0 0.6871428571428572 0.72 0.7457142857142857 0.7695238095238095
0 0.4471428571428571 0.46285714285714286 0.4714285714285714 0.4780952380952381
