0 0.138 0.640625 0.186 0.6979166666666666
0 0.124 0.8541666666666666 0.18 0.90625
0 0.34 0.7604166666666666 0.408 0.8385416666666666
0 0.442 0.78125 0.482 0.828125
0 0.036 0.828125 0.07 0.8645833333333334
0 0.288 0.7447916666666666 0.312 0.765625
0 0.278 0.765625 0.322 0.8541666666666666
0 0.342 0.6145833333333334 0.39 0.7239583333333334
0 0.444 0.6145833333333334 0.49 0.7239583333333334
0 0.552 0.6197916666666666 0.614 0.6614583333333334
0 0.636 0.640625 0.704 0.6875
0 0.722 0.6458333333333334 0.79 0.6979166666666666
0 0.762 0.8697916666666666 0.824 0.9322916666666666
0 0.882 0.8177083333333334 0.912 0.8541666666666666
0 0.834 0.53125 0.854 0.5572916666666666
