0 0.6223880597014926 0.5598086124401914 0.7328358208955223 0.638755980861244
0 0.27313432835820894 0.7655502392344498 0.3358208955223881 0.8205741626794258
0 0.24925373134328357 0.8277511961722488 0.3582089552238806 0.8564593301435407
0 0.11343283582089553 0.7918660287081339 0.16865671641791044 0.8157894736842105
0 0.11791044776119403 0.7655502392344498 0.16567164179104477 0.7918660287081339
0 0.673134328358209 0.645933014354067 0.7238805970149254 0.715311004784689
0 0.6537313432835821 0.7177033492822966 0.7373134328358208 0.7583732057416268
0 0.6343283582089553 0.4904306220095694 0.7164179104477612 0.5669856459330144
0 0.6149253731343284 0.27751196172248804 0.6537313432835821 0.3157894736842105
0 0.6104477611940299 0.45933014354066987 0.6567164179104478 0.49282296650717705
