0 0.41384615384615386 0.7567287784679089 0.44846153846153847 0.8519668737060041
0 0.4492307692307692 0.38405797101449274 0.4723076923076923 0.468944099378882
0 0.3453846153846154 0.2349896480331263 0.38153846153846155 0.2867494824016563
0 0.1723076923076923 0.4927536231884058 0.22923076923076924 0.5279503105590062
0 0.3607692307692308 0.5196687370600414 0.3923076923076923 0.5652173913043478
0 0.6153846153846154 0.5973084886128365 0.6661538461538462 0.6687370600414079
0 0.1453846153846154 0.7422360248447205 0.17076923076923076 0.8240165631469979
0 0.19 0.6770186335403726 0.24769230769230768 0.7515527950310559
0 0.8092307692307692 0.5662525879917184 0.8692307692307693 0.6262939958592133
0 0.8769230769230769 0.2349896480331263 0.9215384615384615 0.29606625258799174
0 0.7615384615384615 0.38819875776397517 0.8053846153846154 0.42960662525879917
0 0.09846153846153846 0.41304347826086957 0.14461538461538462 0.4668737060041408
0 0.4653846153846154 0.5734989648033126 0.5338461538461539 0.634575569358178
0 0.4646153846153846 0.19668737060041408 0.49923076923076926 0.2422360248447205
0 0.29384615384615387 0.7815734989648033 0.36230769230769233 0.8219461697722568
0 0.05 0.484472049689441 0.1076923076923077 0.5186335403726708
