0 0.8066666666666666 0.44 0.85 0.48444444444444446
0 0.7116666666666667 0.47333333333333333 0.7733333333333333 0.5333333333333333
0 0.71 0.5355555555555556 0.7766666666666666 0.56
0 0.805 0.4777777777777778 0.8483333333333334 0.49777777777777776
0 0.5916666666666667 0.6911111111111111 0.6683333333333333 0.7777777777777778
0 0.5883333333333334 0.7688888888888888 0.665 0.8111111111111111
0 0.225 0.6133333333333333 0.25833333333333336 0.6555555555555556
0 0.105 0.5933333333333334 0.14 0.6488888888888888
0 0.105 0.6466666666666666 0.14333333333333334 0.6733333333333333
0 0.22166666666666668 0.6511111111111111 0.25666666666666665 0.6733333333333333
0 0.33 0.5377777777777778 0.36333333333333334 0.5822222222222222
0 0.3283333333333333 0.5777777777777777 0.365 0.5977777777777777
0 0.21166666666666667 0.43777777777777777 0.245 0.4866666666666667
0 0.21333333333333335 0.48444444444444446 0.245 0.5022222222222222
0 0.4266666666666667 0.4266666666666667 0.455 0.4622222222222222
0 0.435 0.5466666666666666 0.455 0.5844444444444444
0 0.425 0.28 0.445 0.3088888888888889
