0 0.8241666666666667 0.002105263157894737 0.8925 0.25894736842105265
0 0.29083333333333333 0.24210526315789474 0.32083333333333336 0.2631578947368421
0 0.32916666666666666 0.2631578947368421 0.3566666666666667 0.2863157894736842
0 0.36333333333333334 0.21052631578947367 0.3925 0.23578947368421052
0 0.425 0.17894736842105263 0.4533333333333333 0.2
0 0.48333333333333334 0.15789473684210525 0.5091666666666667 0.17894736842105263
0 0.45916666666666667 0.2063157894736842 0.485 0.22526315789473683
0 0.32916666666666666 0.17684210526315788 0.35083333333333333 0.2
0 0.2775 0.20842105263157895 0.295 0.24
0 0.2991666666666667 0.7642105263157895 0.32416666666666666 0.8105263157894737
0 0.3425 0.7536842105263157 0.36083333333333334 0.7936842105263158
0 0.39 0.7031578947368421 0.41 0.7452631578947368
0 0.3983333333333333 0.2336842105263158 0.42333333333333334 0.25473684210526315
0 0.42083333333333334 0.7031578947368421 0.4375 0.728421052631579
0 0.5 0.64 0.515 0.6652631578947369
0 0.5391666666666667 0.6126315789473684 0.555 0.6378947368421053
0 0.5191666666666667 0.6336842105263157 0.5341666666666667 0.6589473684210526
0 0.465 0.6989473684210527 0.4816666666666667 0.72
0 0.5591666666666667 0.14526315789473684 0.5791666666666667 0.19157894736842104
0 0.5891666666666666 0.13263157894736843 0.6083333333333333 0.18105263157894738
0 0.6125 0.11578947368421053 0.6283333333333333 0.16
0 0.7025 0.06947368421052631 0.72 0.10947368421052632
0 0.6383333333333333 0.10947368421052632 0.6541666666666667 0.14526315789473684
0 0.6633333333333333 0.09473684210526316 0.6775 0.13263157894736843
0 0.7325 0.042105263157894736 0.745 0.08210526315789474
0 0.6833333333333333 0.07789473684210527 0.7 0.12210526315789473
0 0.7658333333333334 0.018947368421052633 0.7791666666666667 0.05894736842105263
0 0.7833333333333333 0.06947368421052631 0.7933333333333333 0.10947368421052632
