0 0.33 0.4836795252225519 0.455 0.7359050445103857
0 0.205 0.4896142433234421 0.3233333333333333 0.7418397626112759
0 0.08 0.5222551928783383 0.18333333333333332 0.7270029673590505
0 0.465 0.516320474777448 0.595 0.6053412462908012
0 0.625 0.5281899109792285 0.7383333333333333 0.6023738872403561
0 0.7383333333333333 0.4688427299703264 0.8366666666666667 0.5459940652818991
0 0.875 0.4094955489614243 0.9966666666666667 0.5014836795252225
0 0.8866666666666667 0.5044510385756676 0.9816666666666667 0.5667655786350149
0 0.66 0.5964391691394659 0.7316666666666667 0.6706231454005934
0 0.4866666666666667 0.6023738872403561 0.5766666666666667 0.6706231454005934
0 0.7616666666666667 0.5519287833827893 0.8033333333333333 0.6142433234421365
0 0.315 0.3768545994065282 0.3883333333333333 0.4362017804154303
0 0.19166666666666668 0.3827893175074184 0.27 0.4421364985163205
0 0.06166666666666667 0.3827893175074184 0.145 0.4391691394658754
