0 0.1928 0.6490701859628074 0.2132 0.6724655068986203
0 0.2132 0.34493101379724056 0.2612 0.40611877624475107
0 0.3548 0.4133173365326935 0.3904 0.46070785842831435
0 0.5076 0.3179364127174565 0.5548 0.3815236952609478
0 0.2976 0.5656868626274745 0.3192 0.5920815836832634
0 0.1564 0.8650269946010798 0.1784 0.8914217156568687
0 0.382 0.8728254349130175 0.4016 0.9052189562087583
0 0.4264 0.593881223755249 0.4632 0.641871625674865
0 0.536 0.596880623875225 0.5708 0.641871625674865
0 0.4716 0.8356328734253149 0.488 0.8590281943611278
0 0.716 0.3437312537492502 0.7372 0.3683263347330534
0 0.8128 0.367126574685063 0.8364 0.39652069586082783
0 0.7508 0.5452909418116376 0.7744 0.5722855428914218
0 0.6296 0.5296940611877624 0.678 0.593881223755249
0 0.5924 0.8854229154169166 0.61 0.9082183563287343
0 0.7272 0.8944211157768446 0.7476 0.9238152369526095
0 0.6688 0.7660467906418716 0.6864 0.7948410317936413
0 0.7824 0.6958608278344331 0.8036 0.7126574685062987
0 0.8356 0.7054589082183563 0.8516 0.7300539892021596
0 0.176 0.5518896220755849 0.228 0.5962807438512298
0 0.6652 0.8404319136172765 0.6792 0.8674265146970606
0 0.6688 0.7066586682663467 0.686 0.7336532693461307
