0 0.12649164677804295 0.325 0.46539379474940334 0.40625
0 0.32935560859188545 0.003125 0.6276849642004774 0.259375
0 0.002386634844868735 0.346875 0.081145584725537 0.425
0 0.5656324582338902 0.278125 0.8878281622911695 0.353125
0 0.4821002386634845 0.428125 0.7016706443914081 0.478125
0 0.057279236276849645 0.471875 0.20763723150357996 0.50625
0 0.8591885441527446 0.521875 0.9522673031026253 0.55
0 0.21479713603818615 0.425 0.4200477326968974 0.465625
0 0.7422434367541766 0.528125 0.7947494033412887 0.55
0 0.3556085918854415 0.521875 0.4486873508353222 0.546875
