0 0.09076923076923077 0.4492146596858639 0.35923076923076924 0.643979057591623
0 0.15538461538461537 0.30261780104712044 0.4053846153846154 0.45968586387434557
0 0.11153846153846154 0.18534031413612564 0.32384615384615384 0.3968586387434555
0 0.26692307692307693 0.25968586387434556 0.3130769230769231 0.31204188481675393
0 0.3261538461538461 0.4041884816753927 0.37538461538461537 0.4387434554973822
0 0.2569230769230769 0.5759162303664922 0.31384615384615383 0.618848167539267
0 0.563076923076923 0.6115183246073298 0.6546153846153846 0.6827225130890052
0 0.6361538461538462 0.34659685863874345 0.7230769230769231 0.39267015706806285
0 0.5307692307692308 0.08272251308900523 0.6230769230769231 0.1319371727748691
0 0.4623076923076923 0.6607329842931937 0.5107692307692308 0.6921465968586388
0 0.4746153846153846 0.17382198952879582 0.5138461538461538 0.2157068062827225
