0 0.4303571428571429 0.3291044776119403 0.5113095238095238 0.3559701492537313
0 0.4648809523809524 0.28955223880597014 0.49642857142857144 0.3358208955223881
0 0.26726190476190476 0.3037313432835821 0.3327380952380952 0.4253731343283582
0 0.32976190476190476 0.21044776119402986 0.41845238095238096 0.3044776119402985
0 0.41845238095238096 0.1701492537313433 0.5095238095238095 0.22164179104477613
0 0.5113095238095238 0.16417910447761194 0.525 0.19029850746268656
0 0.5267857142857143 0.16716417910447762 0.5916666666666667 0.22164179104477613
0 0.2392857142857143 0.4253731343283582 0.2708333333333333 0.5417910447761194
0 0.2357142857142857 0.5417910447761194 0.27380952380952384 0.6358208955223881
0 0.736904761904762 0.4388059701492537 0.7755952380952381 0.5097014925373134
