0 0.246 0.26606875934230195 0.428 0.3034379671150972
0 0.504 0.26756352765321373 0.69 0.3034379671150972
0 0.758 0.2705530642750374 0.942 0.30792227204783257
0 0.728 0.043348281016442454 0.892 0.07623318385650224
0 0.496 0.04185351270553064 0.66 0.07772795216741404
0 0.282 0.3034379671150972 0.388 0.32884902840059793
0 0.54 0.3034379671150972 0.644 0.33183856502242154
0 0.788 0.3094170403587444 0.894 0.336322869955157
0 0.764 0.5321375186846039 0.87 0.5590433482810164
0 0.75 0.7249626307922272 0.84 0.7473841554559043
0 0.066 0.5276532137518685 0.142 0.5515695067264574
0 0.086 0.726457399103139 0.146 0.750373692077728
0 0.048 0.6980568011958147 0.144 0.7279521674140508
0 0.024 0.4947683109118087 0.146 0.5261584454409567
0 0.72 0.695067264573991 0.884 0.7249626307922272
0 0.74 0.5007473841554559 0.912 0.5306427503736921
0 0.648 0.9506726457399103 0.752 1.0
0 0.494 0.9641255605381166 0.592 1.0
