0 0.44545454545454544 0.2815533980582524 0.5818181818181818 0.5436893203883495
0 0.5927272727272728 0.31715210355987056 0.7345454545454545 0.4110032362459547
0 0.7654545454545455 0.3300970873786408 0.8854545454545455 0.4110032362459547
0 0.7981818181818182 0.4077669902912621 0.8818181818181818 0.48220064724919093
0 0.6181818181818182 0.4174757281553398 0.7181818181818181 0.47896440129449835
0 0.43454545454545457 0.15857605177993528 0.5072727272727273 0.22653721682847897
0 0.29454545454545455 0.17475728155339806 0.3781818181818182 0.2297734627831715
0 0.15818181818181817 0.16828478964401294 0.24545454545454545 0.2297734627831715
0 0.17636363636363636 0.313915857605178 0.2909090909090909 0.540453074433657
0 0.3054545454545455 0.284789644012945 0.4381818181818182 0.5598705501618123
0 0.0018181818181818182 0.28802588996763756 0.11090909090909092 0.540453074433657
0 0.8909090909090909 0.2686084142394822 0.9981818181818182 0.34951456310679613
