0 0.4155154091392136 0.6339113680154143 0.5037194473963869 0.6782273603082851
0 0.4027630180658874 0.13680154142581888 0.4495217853347503 0.16955684007707128
0 0.6663124335812965 0.8535645472061657 0.767268862911796 0.9479768786127167
0 0.7130712008501594 0.2003853564547206 0.7385759829968119 0.21579961464354527
0 0.10626992561105207 0.464354527938343 0.13071200850159406 0.4951830443159923
0 0.34537725823591925 0.18689788053949905 0.3655685441020191 0.2023121387283237
0 0.3007438894792774 0.30828516377649323 0.32199787460148777 0.3217726396917148
0 0.3443145589798087 0.3063583815028902 0.3645058448459086 0.3217726396917148
0 0.25717321997874604 0.4258188824662813 0.2773645058448459 0.4373795761078998
0 0.29968119022316686 0.4258188824662813 0.32093517534537724 0.4373795761078998
0 0.2592986184909671 0.5375722543352601 0.28055260361317746 0.5529865125240848
0 0.3007438894792774 0.5394990366088632 0.32199787460148777 0.5510597302504817
0 0.2603613177470776 0.6473988439306358 0.2826780021253985 0.6628131021194605
0 0.5727948990435706 0.20616570327552985 0.5908607863974495 0.21965317919075145
0 0.6110520722635494 0.20809248554913296 0.6312433581296493 0.22350674373795762
0 0.5929861849096706 0.6319845857418112 0.6110520722635494 0.6473988439306358
0 0.5642933049946866 0.5337186897880539 0.5823591923485654 0.5472061657032755
0 0.5706695005313497 0.3140655105973025 0.5876726886291179 0.33140655105973027
