0 0.35411764705882354 0.3897707231040564 0.5576470588235294 0.5202821869488536
0 0.5929411764705882 0.3403880070546737 0.8188235294117647 0.48324514991181655
0 0.8682352941176471 0.30158730158730157 0.9976470588235294 0.4462081128747795
0 0.13647058823529412 0.43738977072310403 0.32235294117647056 0.5555555555555556
0 0.002352941176470588 0.47795414462081126 0.1388235294117647 0.5784832451499118
0 0.009411764705882352 0.5661375661375662 0.13058823529411764 0.6525573192239859
0 0.16705882352941176 0.5432098765432098 0.28941176470588237 0.6313932980599647
0 0.39176470588235296 0.5114638447971781 0.5317647058823529 0.599647266313933
0 0.64 0.4691358024691358 0.7847058823529411 0.564373897707231
0 0.928235294117647 0.43915343915343913 0.9976470588235294 0.5379188712522046
