0 0.40401785714285715 0.5041876046901173 0.6540178571428571 0.5644891122278057
0 0.6607142857142857 0.5058626465661642 0.8995535714285714 0.5460636515912898
0 0.7433035714285714 0.07872696817420435 0.7946428571428571 0.24288107202680068
0 0.011160714285714286 0.507537688442211 0.14285714285714285 0.5577889447236181
0 0.18526785714285715 0.5142378559463987 0.2700892857142857 0.5510887772194305
0 0.8995535714285714 0.5209380234505863 0.9799107142857143 0.542713567839196
0 0.033482142857142856 0.38023450586264657 0.14955357142857142 0.4639865996649916
0 0.42410714285714285 0.32830820770519265 0.5915178571428571 0.4455611390284757
0 0.6651785714285714 0.38358458961474035 0.7767857142857143 0.4723618090452261
0 0.25669642857142855 0.18257956448911222 0.2767857142857143 0.30318257956448913
0 0.5245535714285714 0.0016750418760469012 0.5714285714285714 0.1440536013400335
0 0.19642857142857142 0.4304857621440536 0.27455357142857145 0.48911222780569513
