0 0.04933333333333333 0.3275488069414317 0.104 0.3600867678958785
0 0.14533333333333334 0.29067245119305857 0.176 0.4360086767895879
0 0.23733333333333334 0.2950108459869848 0.2693333333333333 0.43383947939262474
0 0.3293333333333333 0.30151843817787416 0.3586666666666667 0.4403470715835141
0 0.14 0.2950108459869848 0.152 0.35357917570498915
0 0.23333333333333334 0.29067245119305857 0.244 0.35357917570498915
0 0.328 0.3036876355748373 0.3373333333333333 0.3600867678958785
0 0.408 0.29067245119305857 0.4266666666666667 0.420824295010846
0 0.5026666666666667 0.3036876355748373 0.536 0.4403470715835141
0 0.5973333333333334 0.3080260303687636 0.64 0.44685466377440347
0 0.5066666666666667 0.2993492407809111 0.5186666666666667 0.3644251626898048
0 0.6053333333333333 0.31019522776572667 0.6186666666666667 0.3665943600867679
0 0.16 0.4880694143167028 0.20266666666666666 0.5140997830802603
0 0.252 0.4924078091106291 0.292 0.5162689804772235
0 0.3426666666666667 0.5010845986984815 0.38266666666666665 0.5249457700650759
0 0.412 0.4880694143167028 0.444 0.5206073752711496
0 0.5106666666666667 0.5010845986984815 0.552 0.5292841648590022
0 0.6066666666666667 0.5075921908893709 0.648 0.5314533622559653
0 0.716 0.2603036876355748 0.756 0.3969631236442516
0 0.84 0.2559652928416486 0.888 0.3947939262472885
0 0.7213333333333334 0.2603036876355748 0.736 0.3188720173535792
0 0.8506666666666667 0.25813449023861174 0.8666666666666667 0.31670281995661603
0 0.7186666666666667 0.4229934924078091 0.7506666666666667 0.44468546637744033
0 0.8466666666666667 0.420824295010846 0.876 0.44251626898047725
