0 0.6152777777777778 0.7858546168958742 0.6972222222222222 0.8133595284872298
0 0.7111111111111111 0.7524557956777996 0.7611111111111111 0.7721021611001965
0 0.25833333333333336 0.8506876227897839 1.0 0.9980353634577603
0 0.6472222222222223 0.3614931237721022 0.6666666666666666 0.4931237721021611
0 0.5347222222222222 0.48330058939096265 0.5486111111111112 0.5638506876227898
0 0.7277777777777777 0.44793713163064836 0.7402777777777778 0.5422396856581533
0 0.8361111111111111 0.5009823182711198 0.8486111111111111 0.5776031434184676
0 0.8194444444444444 0.7288801571709234 0.8625 0.7485265225933202
0 0.5180555555555556 0.7347740667976425 0.5666666666666667 0.7544204322200393
0 0.4027777777777778 0.5068762278978389 0.41388888888888886 0.5756385068762279
