0 0.25833333333333336 0.3370473537604457 0.3233333333333333 0.42618384401114207
0 0.43 0.34540389972144847 0.49666666666666665 0.43454038997214484
0 0.6 0.39275766016713093 0.6616666666666666 0.46518105849582175
0 0.76 0.3816155988857939 0.8166666666666667 0.4568245125348189
0 0.9133333333333333 0.3649025069637883 0.9666666666666667 0.42896935933147634
0 0.16833333333333333 0.713091922005571 0.31 0.883008356545961
0 0.36 0.6796657381615598 0.495 0.8467966573816156
0 0.5316666666666666 0.6768802228412256 0.6566666666666666 0.8328690807799443
0 0.7033333333333334 0.6518105849582173 0.8066666666666666 0.8022284122562674
0 0.8583333333333333 0.6128133704735376 0.9583333333333334 0.7715877437325905
