0 0.2203125 0.4325153374233129 0.3265625 0.5291411042944786
0 0.703125 0.44785276073619634 0.8109375 0.5460122699386503
0 0.6640625 0.4125766871165644 0.8484375 0.45245398773006135
0 0.1828125 0.4003067484662577 0.3625 0.44171779141104295
0 0.2609375 0.3665644171779141 0.2859375 0.3911042944785276
0 0.359375 0.36809815950920244 0.3765625 0.39263803680981596
0 0.1734375 0.36349693251533743 0.190625 0.38650306748466257
0 0.346875 0.4723926380368098 0.3671875 0.49693251533742333
0 0.30625 0.5260736196319018 0.3296875 0.5506134969325154
0 0.3671875 0.5199386503067485 0.3828125 0.5429447852760736
0 0.184375 0.4677914110429448 0.2015625 0.49233128834355827
0 0.38125 0.42024539877300615 0.39375 0.4401840490797546
0 0.21875 0.5245398773006135 0.24375 0.5506134969325154
0 0.2140625 0.6319018404907976 0.2375 0.6579754601226994
0 0.309375 0.6334355828220859 0.3328125 0.656441717791411
0 0.3734375 0.6226993865030674 0.3859375 0.6441717791411042
0 0.1765625 0.6779141104294478 0.1921875 0.7039877300613497
0 0.259375 0.6886503067484663 0.284375 0.7116564417177914
0 0.35625 0.6779141104294478 0.3734375 0.700920245398773
0 0.659375 0.3773006134969325 0.675 0.4003067484662577
0 0.746875 0.3773006134969325 0.775 0.40337423312883436
0 0.8484375 0.3773006134969325 0.8625 0.4049079754601227
0 0.6640625 0.4815950920245399 0.684375 0.5061349693251533
0 0.8296875 0.48619631901840493 0.8484375 0.50920245398773
0 0.6484375 0.5306748466257669 0.6609375 0.553680981595092
0 0.640625 0.4263803680981595 0.6515625 0.4493865030674847
0 0.6984375 0.5398773006134969 0.725 0.5628834355828221
0 0.7890625 0.5429447852760736 0.8109375 0.5644171779141104
0 0.6953125 0.647239263803681 0.7171875 0.6717791411042945
0 0.7890625 0.6503067484662577 0.8125 0.6748466257668712
0 0.7421875 0.7039877300613497 0.76875 0.7285276073619632
0 0.8359375 0.696319018404908 0.8546875 0.7208588957055214
0 0.6515625 0.691717791411043 0.66875 0.7131901840490797
0 0.6390625 0.6319018404907976 0.65 0.6549079754601227
0 0.8515625 0.6380368098159509 0.8640625 0.6625766871165644
