0 0.0312 0.025452488687782805 0.0616 0.04751131221719457
0 0.0188 0.05203619909502263 0.0708 0.06504524886877829
0 0.4788 0.5378959276018099 0.502 0.5622171945701357
0 0.8688 0.9394796380090498 0.8752 0.9479638009049773
0 0.8768 0.9394796380090498 0.8824 0.9479638009049773
0 0.884 0.9400452488687783 0.8984 0.9468325791855203
0 0.9008 0.9360859728506787 0.9084 0.9473981900452488
0 0.91 0.9377828054298643 0.9176 0.9473981900452488
0 0.08 0.9428733031674208 0.1428 0.9711538461538461
0 0.9224 0.955316742081448 0.99 0.9785067873303167
