0 0.63125 0.5640625 0.6645833333333333 0.60078125
0 0.6677083333333333 0.571875 0.7 0.60546875
0 0.7083333333333334 0.703125 0.7239583333333334 0.7171875
0 0.70625 0.71875 0.7239583333333334 0.73203125
0 0.28854166666666664 0.7671875 0.31979166666666664 0.790625
0 0.28854166666666664 0.7359375 0.31979166666666664 0.7625
0 0.5135416666666667 0.7453125 0.5489583333333333 0.78046875
0 0.39375 0.740625 0.4083333333333333 0.7515625
0 0.409375 0.740625 0.42604166666666665 0.753125
0 0.509375 0.69375 0.5302083333333333 0.71328125
0 0.5520833333333334 0.69609375 0.5729166666666666 0.71640625
0 0.5510416666666667 0.71796875 0.5729166666666666 0.7359375
0 0.5072916666666667 0.715625 0.5333333333333333 0.734375
