0 0.08559201141226819 0.09302325581395349 0.2253922967189729 0.3192389006342495
0 0.7489300998573466 0.13953488372093023 0.978601997146933 0.39957716701902746
0 0.07845934379457917 0.0613107822410148 0.1383737517831669 0.09090909090909091
0 0.03281027104136947 0.012684989429175475 0.0442225392296719 0.0507399577167019
0 0.10413694721825963 0.5856236786469344 0.2268188302425107 0.6448202959830867
0 0.34236804564907275 0.3276955602536998 0.39657631954350925 0.38477801268498946
0 0.4693295292439372 0.36152219873150104 0.5263908701854494 0.40169133192389006
0 0.6348074179743224 0.3678646934460888 0.6961483594864479 0.41014799154334036
0 0.39657631954350925 0.8477801268498943 0.6077032810271041 0.9513742071881607
0 0.776034236804565 0.5771670190274841 0.8559201141226819 0.6321353065539113
0 0.7874465049928673 0.03171247357293869 0.8573466476462197 0.080338266384778
