0 0.182 0.229 0.243 0.252
0 0.168 0.604 0.224 0.631
0 0.131 0.607 0.156 0.62
0 0.299 0.56 0.317 0.574
0 0.326 0.56 0.373 0.584
0 0.34 0.618 0.393 0.64
0 0.152 0.548 0.188 0.568
0 0.203 0.551 0.241 0.567
0 0.245 0.544 0.27 0.556
0 0.312 0.51 0.343 0.527
0 0.355 0.511 0.385 0.526
0 0.388 0.501 0.416 0.516
0 0.417 0.492 0.433 0.505
0 0.566 0.586 0.612 0.612
0 0.745 0.575 0.784 0.597
0 0.793 0.629 0.843 0.652
0 0.616 0.215 0.675 0.238
0 0.131 0.558 0.147 0.566
0 0.3 0.519 0.309 0.525
0 0.124 0.566 0.135 0.573
0 0.292 0.524 0.301 0.53
