0 0.815625 0.3416666666666667 0.96953125 0.65
0 0.81328125 0.20416666666666666 0.8953125 0.27361111111111114
0 0.29765625 0.3902777777777778 0.45859375 0.475
0 0.03828125 0.39166666666666666 0.2 0.47638888888888886
0 0.065625 0.4847222222222222 0.17265625 0.5541666666666667
0 0.3234375 0.48055555555555557 0.4265625 0.5541666666666667
0 0.5984375 0.5736111111111111 0.62890625 0.8708333333333333
0 0.56875 0.5805555555555556 0.60078125 0.8694444444444445
0 0.5390625 0.5861111111111111 0.5671875 0.8680555555555556
0 0.51171875 0.5847222222222223 0.5421875 0.8638888888888889
0 0.6140625 0.14444444444444443 0.76015625 0.3625
