0 0.25830078125 0.2532552083333333 0.359375 0.2955729166666667
0 0.2666015625 0.13802083333333334 0.35205078125 0.2571614583333333
0 0.1630859375 0.8489583333333334 0.1904296875 0.9296875
0 0.12353515625 0.794921875 0.14208984375 0.87109375
0 0.0810546875 0.7408854166666666 0.095703125 0.8053385416666666
0 0.04541015625 0.6998697916666666 0.0595703125 0.7565104166666666
0 0.0166015625 0.6673177083333334 0.02734375 0.7194010416666666
0 0.89892578125 0.427734375 0.9052734375 0.4375
0 0.91845703125 0.4264322916666667 0.9248046875 0.4361979166666667
0 0.9560546875 0.4251302083333333 0.962890625 0.4342447916666667
0 0.9755859375 0.4251302083333333 0.98095703125 0.4322916666666667
0 0.99267578125 0.4225260416666667 0.998046875 0.4329427083333333
