0 0.1675 0.05741626794258373 0.26 0.19457735247208932
0 0.3875 0.12599681020733652 0.4683333333333333 0.2631578947368421
0 0.5675 0.2025518341307815 0.6391666666666667 0.32216905901116427
0 0.7366666666666667 0.266347687400319 0.8025 0.3748006379585327
0 0.86 0.3189792663476874 0.9308333333333333 0.4226475279106858
0 0.08166666666666667 0.6985645933014354 0.2608333333333333 0.8421052631578947
0 0.2941666666666667 0.7192982456140351 0.455 0.8676236044657097
0 0.49333333333333335 0.7559808612440191 0.6283333333333333 0.8851674641148325
0 0.67 0.7878787878787878 0.7825 0.9011164274322169
0 0.805 0.8006379585326954 0.91 0.9154704944178629
