0 0.06666666666666667 0.674468085106383 0.31 0.7382978723404255
0 0.22333333333333333 0.8382978723404255 0.35 0.9553191489361702
0 0.5266666666666666 0.2723404255319149 0.71 0.3829787234042553
0 0.7966666666666666 0.37446808510638296 0.87 0.4085106382978723
0 0.8733333333333333 0.37659574468085105 0.9366666666666666 0.4148936170212766
0 0.19333333333333333 0.20425531914893616 0.2833333333333333 0.27872340425531916
0 0.10666666666666667 0.19361702127659575 0.15333333333333332 0.2425531914893617
0 0.14333333333333334 0.1702127659574468 0.18666666666666668 0.19574468085106383
0 0.44 0.00851063829787234 0.6133333333333333 0.12978723404255318
0 0.31 0.00425531914893617 0.3566666666666667 0.07446808510638298
0 0.35333333333333333 0.5680851063829787 0.4 0.5914893617021276
0 0.023333333333333334 0.44468085106382976 0.12666666666666668 0.5127659574468085
