0 0.031322505800464036 0.45504587155963305 0.10208816705336426 0.48256880733944957
0 0.17981438515081208 0.42568807339449544 0.2552204176334107 0.45688073394495415
0 0.3074245939675174 0.44770642201834865 0.36310904872389793 0.48073394495412847
0 0.4756380510440835 0.12660550458715597 0.5023201856148491 0.3229357798165138
0 0.4211136890951276 0.6238532110091743 0.5545243619489559 0.6807339449541284
0 0.6693735498839907 0.6201834862385321 0.7645011600928074 0.6513761467889908
0 0.8004640371229699 0.5155963302752293 0.9037122969837587 0.5577981651376147
0 0.6415313225058005 0.5247706422018349 0.6589327146171694 0.7174311926605504
0 0.919953596287703 0.42201834862385323 0.9489559164733179 0.6825688073394496
0 0.42691415313225056 0.5119266055045871 0.48259860788863107 0.5963302752293578
0 0.802784222737819 0.42201834862385323 0.8491879350348028 0.4917431192660551
0 0.6740139211136891 0.5357798165137615 0.7134570765661253 0.5963302752293578
