0 0.3376923076923077 0.06792058516196448 0.4084615384615385 0.13479623824451412
0 0.42 0.06583072100313479 0.5107692307692308 0.13793103448275862
0 0.563076923076923 0.04806687565308255 0.6576923076923077 0.12643678160919541
0 0.7492307692307693 0.04179728317659352 0.85 0.12643678160919541
0 0.8569230769230769 0.03761755485893417 0.9415384615384615 0.13375130616509928
0 0.3269230769230769 0.4346917450365726 0.4115384615384615 0.5036572622779519
0 0.4592307692307692 0.4179728317659352 0.5407692307692308 0.45977011494252873
0 0.5592307692307692 0.4336468129571578 0.6492307692307693 0.49738766980146293
0 0.8323076923076923 0.3897596656217346 0.9230769230769231 0.4503657262277952
0 0.45076923076923076 0.7115987460815048 0.5330769230769231 0.7836990595611285
0 0.7407692307692307 0.677115987460815 0.7938461538461539 0.7471264367816092
0 0.5592307692307692 0.6938349007314525 0.6261538461538462 0.7429467084639498
0 0.36538461538461536 0.7189132706374086 0.4207692307692308 0.7722048066875653
0 0.8184615384615385 0.6750261233019854 0.8823076923076923 0.6917450365726228
0 0.9223076923076923 0.6698014629049112 0.9861538461538462 0.7074190177638453
0 0.7284615384615385 0.400208986415883 0.8007692307692308 0.45141065830721006
0 0.9638461538461538 0.3991640543364681 1.0 0.4608150470219436
0 0.0007692307692307692 0.20689655172413793 0.08307692307692308 0.29153605015673983
0 0.12307692307692308 0.19958202716823406 0.20153846153846153 0.24660397074190177
0 0.008461538461538461 0.5276907001044933 0.07461538461538461 0.5694879832810867
0 0.09461538461538462 0.522466039707419 0.15923076923076923 0.5642633228840125
0 0.15153846153846154 0.5276907001044933 0.2376923076923077 0.567398119122257
0 0.09230769230769231 0.7450365726227796 0.18692307692307691 0.7784743991640544
0 0.007692307692307693 0.7910135841170324 0.07 0.8338557993730408
0 0.2 0.7774294670846394 0.25384615384615383 0.8202716823406478
0 0.07769230769230769 0.1922675026123302 0.12384615384615384 0.2309299895506792
