0 0.08181818181818182 0.7152103559870551 0.35454545454545455 0.9935275080906149
0 0.5109090909090909 0.6537216828478964 0.66 0.8414239482200647
0 0.6745454545454546 0.5922330097087378 0.7909090909090909 0.7216828478964401
0 0.7927272727272727 0.5598705501618123 0.8781818181818182 0.656957928802589
0 0.9036363636363637 0.5242718446601942 0.9345454545454546 0.5825242718446602
0 0.01818181818181818 0.03559870550161812 0.3563636363636364 0.686084142394822
0 0.4690909090909091 0.1715210355987055 0.649090909090909 0.6310679611650486
0 0.6454545454545455 0.22330097087378642 0.7781818181818182 0.5598705501618123
0 0.7781818181818182 0.2588996763754045 0.8672727272727273 0.5372168284789643
0 0.8654545454545455 0.2912621359223301 0.9036363636363637 0.517799352750809
0 0.9 0.3042071197411003 0.9309090909090909 0.5048543689320388
0 0.9381818181818182 0.31715210355987056 0.9727272727272728 0.49514563106796117
0 0.9690909090909091 0.313915857605178 0.9981818181818182 0.48220064724919093
