0 0.14154411764705882 0.1128500823723229 0.19301470588235295 0.16803953871499178
0 0.011029411764705883 0.34596375617792424 0.13480392156862744 0.4514003294892916
0 0.19362745098039216 0.3418451400329489 0.22916666666666666 0.385502471169687
0 0.2861519607843137 0.414332784184514 0.3290441176470588 0.4357495881383855
0 0.30943627450980393 0.6252059308072487 0.34987745098039214 0.6507413509060955
0 0.41544117647058826 0.4028006589785832 0.45955882352941174 0.42174629324546953
0 0.5153186274509803 0.41927512355848434 0.5575980392156863 0.4439868204283361
0 0.40808823529411764 0.4975288303130148 0.44730392156862747 0.5362438220757826
0 0.4362745098039216 0.6441515650741351 0.5263480392156863 0.7438220757825371
0 0.3596813725490196 0.8451400329489291 0.3805147058823529 0.886326194398682
0 0.2824754901960784 0.8410214168039539 0.31004901960784315 0.8690280065897859
0 0.22794117647058823 0.8311367380560132 0.25919117647058826 0.8443163097199341
0 0.16850490196078433 0.8401976935749588 0.19178921568627452 0.8624382207578254
0 0.6317401960784313 0.4728171334431631 0.7316176470588235 0.5444810543657331
0 0.7512254901960784 0.658154859967051 0.8449754901960784 0.7504118616144976
0 0.7218137254901961 0.17380560131795716 0.8094362745098039 0.22405271828665568
0 0.8756127450980392 0.28912685337726524 0.960171568627451 0.3649093904448105
