0 0.4235 0.7325 0.4655 0.7755
0 0.3665 0.3585 0.401 0.4075
0 0.337 0.47 0.3725 0.518
0 0.153 0.6585 0.1685 0.7035
0 0.456 0.413 0.483 0.466
0 0.427 0.517 0.462 0.5625
0 0.537 0.565 0.575 0.6
0 0.557 0.468 0.5955 0.5035
0 0.635 0.6075 0.675 0.6515
0 0.612 0.5085 0.6375 0.5515
0 0.6715 0.3545 0.702 0.4035
0 0.703 0.4605 0.7475 0.5075
0 0.7455 0.571 0.7725 0.617
0 0.757 0.6875 0.7905 0.7335
0 0.658 0.718 0.6935 0.764
0 0.5475 0.746 0.5875 0.7755
0 0.428 0.619 0.4675 0.6615
0 0.5225 0.6545 0.5645 0.6855
0 0.3195 0.596 0.36 0.639
0 0.302 0.3295 0.3445 0.374
0 0.7215 0.317 0.757 0.3595
