0 0.4236111111111111 0.05471698113207547 0.46458333333333335 0.1018867924528302
0 0.40555555555555556 0.07547169811320754 0.4222222222222222 0.11509433962264151
0 0.5659722222222222 0.06981132075471698 0.5888888888888889 0.12830188679245283
0 0.5243055555555556 0.5452830188679245 0.5555555555555556 0.5849056603773585
0 0.3 0.3320754716981132 0.3333333333333333 0.37358490566037733
0 0.2965277777777778 0.6698113207547169 0.3375 0.7339622641509433
0 0.5125 0.5377358490566038 0.5229166666666667 0.5792452830188679
0 0.2798611111111111 0.6509433962264151 0.29305555555555557 0.7150943396226415
0 0.55625 0.05660377358490566 0.5694444444444444 0.10377358490566038
0 0.7277777777777777 0.439622641509434 0.7458333333333333 0.46226415094339623
