0 0.6321525885558583 0.0927734375 0.7125340599455041 0.1171875
0 0.717983651226158 0.1005859375 0.7615803814713896 0.119140625
0 0.7329700272479565 0.87890625 0.7670299727520435 0.908203125
0 0.12670299727520437 0.7939453125 0.20708446866485014 0.8125
0 0.2125340599455041 0.79296875 0.2561307901907357 0.810546875
0 0.4673024523160763 0.7822265625 0.5340599455040872 0.8056640625
0 0.22752043596730245 0.83984375 0.30381471389645776 0.8544921875
0 0.11716621253405994 0.837890625 0.20299727520435967 0.857421875
0 0.46866485013623976 0.8310546875 0.5926430517711172 0.849609375
0 0.3242506811989101 0.7802734375 0.39645776566757496 0.8193359375
0 0.4087193460490463 0.4697265625 0.43460490463215257 0.4775390625
0 0.3923705722070845 0.3076171875 0.4032697547683924 0.3251953125
0 0.3978201634877384 0.275390625 0.4087193460490463 0.29296875
0 0.39373297002724794 0.298828125 0.4032697547683924 0.3076171875
0 0.3991825613079019 0.2666015625 0.4100817438692098 0.2763671875
0 0.6866485013623979 0.3173828125 0.7833787465940054 0.3447265625
