0 0.30666666666666664 0.08 0.3416666666666667 0.135
0 0.20333333333333334 0.085 0.24 0.1375
0 0.10166666666666667 0.09 0.13833333333333334 0.1425
0 0.0016666666666666668 0.09 0.03666666666666667 0.1475
0 0.4116666666666667 0.0775 0.45166666666666666 0.13
0 0.5183333333333333 0.0775 0.5566666666666666 0.1275
0 0.6283333333333333 0.0725 0.6683333333333333 0.1275
0 0.7383333333333333 0.07 0.7783333333333333 0.1275
0 0.85 0.0675 0.8916666666666667 0.125
0 0.9633333333333334 0.065 1.0 0.12
0 0.91 0.2425 0.9483333333333334 0.3
0 0.685 0.2475 0.725 0.3
0 0.5766666666666667 0.25 0.6133333333333333 0.3025
0 0.25333333333333335 0.2575 0.29 0.31
0 0.05 0.26 0.085 0.315
0 0.15166666666666667 0.26 0.18333333333333332 0.31
0 0.0016666666666666668 0.4275 0.03166666666666667 0.47
0 0.4116666666666667 0.425 0.4483333333333333 0.4725
0 0.4666666666666667 0.25 0.49333333333333335 0.305
0 0.9683333333333334 0.425 1.0 0.465
0 0.25166666666666665 0.605 0.2866666666666667 0.645
0 0.14833333333333334 0.605 0.16666666666666666 0.6525
