0 0.178 0.2236842105263158 0.212 0.3684210526315789
0 0.408 0.13450292397660818 0.45 0.30994152046783624
0 0.632 0.25877192982456143 0.67 0.3845029239766082
0 0.816 0.30994152046783624 0.848 0.4195906432748538
0 0.102 0.5804093567251462 0.286 0.6125730994152047
0 0.316 0.5716374269005848 0.546 0.6096491228070176
0 0.566 0.5833333333333334 0.74 0.6111111111111112
0 0.756 0.5847953216374269 0.904 0.6081871345029239
0 0.11 0.5 0.186 0.5584795321637427
0 0.322 0.47368421052631576 0.414 0.5453216374269005
0 0.768 0.5219298245614035 0.822 0.5687134502923976
0 0.57 0.5073099415204678 0.642 0.5672514619883041
