0 0.118 0.7578288100208769 0.195 0.8037578288100209
0 0.246 0.7620041753653445 0.323 0.8016701461377871
0 0.375 0.7620041753653445 0.457 0.8016701461377871
0 0.507 0.7620041753653445 0.584 0.8016701461377871
0 0.637 0.7640918580375783 0.713 0.7995824634655533
0 0.765 0.7620041753653445 0.846 0.8037578288100209
0 0.146 0.13778705636743216 0.165 0.33611691022964507
0 0.277 0.1440501043841336 0.295 0.33611691022964507
0 0.409 0.1419624217118998 0.425 0.33611691022964507
0 0.537 0.1419624217118998 0.555 0.33402922755741127
0 0.667 0.13987473903966596 0.685 0.33611691022964507
0 0.797 0.13778705636743216 0.815 0.33611691022964507
