0 0.5315625 0.7712142522269104 0.74625 1.0
0 0.5103125 0.5072667604313174 0.6984375 0.7590248476324426
0 0.6525 0.3506797937177684 1.0 0.7763713080168776
0 0.4028125 0.8054383497421472 0.4253125 0.8180965775902485
0 0.3359375 0.7693389592123769 0.35375 0.7810595405532115
0 0.341875 0.7599624941397093 0.353125 0.7684013127051101
0 0.4078125 0.7913736521331458 0.4240625 0.804031879981247
0 0.13 0.7158931082981715 0.1471875 0.7271448663853727
0 0.1390625 0.7046413502109705 0.150625 0.7144866385372715
0 0.15875 0.7224566338490389 0.1690625 0.7304266291608064
