0 0.32385195339273476 0.3816046966731898 0.36154900616860863 0.4233529028049576
0 0.5010281014393421 0.776908023483366 0.5414667580534612 0.7932159165035877
0 0.22960932145305005 0.5159817351598174 0.3036326250856751 0.6073059360730594
0 0.271418779986292 0.5851272015655578 0.343385880740233 0.680365296803653
0 0.20253598355037697 0.7553816046966731 0.23200822481151473 0.8447488584474886
0 0.3169979437971213 0.6744944553163731 0.3899931459904044 0.7756033920417482
0 0.2069910897875257 0.46249184605348986 0.22069910897875258 0.5068493150684932
0 0.3409869773817683 0.2511415525114155 0.36360520904729265 0.30528375733855184
0 0.3307059629883482 0.2968036529680365 0.34818368745716244 0.34442270058708413
0 0.37834132967786155 0.47684279191128504 0.4126113776559287 0.5088062622309197
0 0.31631254283756 0.7971298108284409 0.3522960932145305 0.8206131767775603
0 0.2203564084989719 0.39204174820613175 0.23886223440712817 0.4507501630789302
0 0.43660041124057575 0.5525114155251142 0.456134338588074 0.5792563600782779
0 0.5164496230294723 0.5107632093933464 0.5342700479780672 0.5368558382257013
