0 0.1171875 0.1125 0.2015625 0.14791666666666667
0 0.19375 0.6770833333333334 0.3109375 0.7145833333333333
0 0.4609375 0.5791666666666667 0.5578125 0.6166666666666667
0 0.784375 0.66875 0.8171875 0.6916666666666667
0 0.75 0.41458333333333336 0.8625 0.46458333333333335
0 0.8 0.1125 0.8921875 0.15
0 0.5375 0.3229166666666667 0.5921875 0.35
0 0.46875 0.6916666666666667 0.5875 0.7208333333333333
0 0.3046875 0.19791666666666666 0.359375 0.21458333333333332
0 0.303125 0.21458333333333332 0.3578125 0.23958333333333334
