0 0.655078125 0.37923121055651177 0.665625 0.4555364314400459
0 0.734765625 0.5777395295467584 0.763671875 0.5960986804360299
0 0.16484375 0.052782558806655194 0.262890625 0.07974756167527251
0 0.414453125 0.699942627653471 0.437890625 0.7091222030981067
0 0.348046875 0.7165806081468732 0.360546875 0.7223178427997705
0 0.372265625 0.576592082616179 0.385546875 0.5932300631095812
0 0.371875 0.6035570854847964 0.384375 0.6184738955823293
0 0.371875 0.6310958118187033 0.384375 0.6437177280550774
0 0.371484375 0.6563396442914515 0.38359375 0.6712564543889845
0 0.370703125 0.6833046471600689 0.384375 0.6965002868617326
0 0.3703125 0.7096959265633964 0.382421875 0.7228915662650602
0 0.370703125 0.7372346528973035 0.382421875 0.7492828456683879
0 0.54375 0.6316695352839932 0.5625 0.6483075157773953
0 0.56484375 0.6310958118187033 0.583984375 0.6460126219162364
0 0.543359375 0.6660929432013769 0.562890625 0.6821572002294893
0 0.566015625 0.6649454962707975 0.584375 0.6810097532989099
0 0.544140625 0.699942627653471 0.562890625 0.7160068846815835
0 0.56640625 0.6993689041881813 0.584375 0.7154331612162937
0 0.54375 0.7343660355708549 0.56328125 0.7492828456683879
0 0.566015625 0.7343660355708549 0.585546875 0.7492828456683879
0 0.5921875 0.7005163511187608 0.609375 0.7108433734939759
0 0.62265625 0.6133103843947217 0.65 0.6247848537005164
0 0.623828125 0.7074010327022375 0.649609375 0.7183017785427424
0 0.7015625 0.5983935742971888 0.721875 0.6058519793459552
0 0.6640625 0.6483075157773953 0.680078125 0.6597819850831899
0 0.6828125 0.6500286861732645 0.69921875 0.6615031554790591
0 0.700390625 0.648881239242685 0.716015625 0.6603557085484796
0 0.71796875 0.6500286861732645 0.733984375 0.6609294320137694
0 0.66484375 0.6798623063683304 0.68046875 0.6907630522088354
0 0.683203125 0.6804360298336202 0.6984375 0.6913367756741251
0 0.701171875 0.6792885829030407 0.716015625 0.6913367756741251
0 0.71953125 0.6798623063683304 0.734375 0.6913367756741251
0 0.665234375 0.7102696500286861 0.68125 0.7223178427997705
0 0.68359375 0.7096959265633964 0.699609375 0.7228915662650602
0 0.701953125 0.7091222030981067 0.7171875 0.7211703958691911
0 0.71953125 0.7108433734939759 0.734765625 0.7211703958691911
0 0.66640625 0.7406769936890418 0.682421875 0.7504302925989673
0 0.684765625 0.7412507171543317 0.69140625 0.7521514629948365
0 0.719921875 0.7395295467584624 0.735546875 0.751004016064257
0 0.780078125 0.7573149741824441 0.809765625 0.7641996557659209
0 0.833203125 0.7578886976477338 0.863671875 0.7630522088353414
0 0.709375 0.7406769936890418 0.7171875 0.7475616752725186
0 0.903515625 0.6965002868617326 0.938671875 0.7068273092369478
0 0.941015625 0.6580608146873207 0.982421875 0.6746987951807228
0 0.914453125 0.5823293172690763 0.919921875 0.6247848537005164
0 0.94921875 0.49282845668387837 0.9578125 0.5473321858864028
0 0.79375 0.5691336775674125 0.805859375 0.5794606999426276
0 0.807421875 0.5697074010327022 0.817578125 0.5800344234079173
0 0.819140625 0.5708548479632817 0.829296875 0.5800344234079173
0 0.794921875 0.5938037865748709 0.80625 0.6024096385542169
0 0.807421875 0.5932300631095812 0.818359375 0.6024096385542169
0 0.819921875 0.5943775100401606 0.830078125 0.6035570854847964
0 0.79609375 0.6173264486517499 0.80703125 0.6282271944922547
0 0.808203125 0.6184738955823293 0.819921875 0.6270797475616753
0 0.8203125 0.6173264486517499 0.83046875 0.6288009179575444
0 0.79765625 0.6419965576592083 0.80859375 0.6500286861732645
0 0.809375 0.6419965576592083 0.8203125 0.6511761331038439
0 0.821484375 0.642570281124498 0.83203125 0.6517498565691336
0 0.797265625 0.6655192197360872 0.808203125 0.6764199655765921
0 0.81015625 0.6660929432013769 0.8203125 0.6764199655765921
0 0.822265625 0.6672403901319564 0.83203125 0.6752725186460127
0 0.7984375 0.6901893287435457 0.809375 0.699942627653471
0 0.810546875 0.6901893287435457 0.821484375 0.699942627653471
0 0.822265625 0.6901893287435457 0.833203125 0.7010900745840505
0 0.79921875 0.714859437751004 0.81015625 0.7251864601262191
0 0.8109375 0.714859437751004 0.821875 0.7246127366609294
0 0.823828125 0.714859437751004 0.834375 0.72346528973035
0 0.7984375 0.7395295467584624 0.8109375 0.7481353987378083
0 0.8125 0.7389558232931727 0.8234375 0.7498565691336776
0 0.82265625 0.7389558232931727 0.835546875 0.7498565691336776
0 0.8421875 0.7039586919104991 0.856640625 0.714859437751004
0 0.8421875 0.7223178427997705 0.856640625 0.7320711417096959
0 0.84375 0.7389558232931727 0.85703125 0.7504302925989673
0 0.872265625 0.7051061388410786 0.884765625 0.714859437751004
0 0.872265625 0.7228915662650602 0.88671875 0.7332185886402753
0 0.873046875 0.7401032702237521 0.887109375 0.7492828456683879
0 0.97734375 0.6764199655765921 0.988671875 0.6861732644865175
0 0.978515625 0.6959265633964429 0.989453125 0.7074010327022375
0 0.979296875 0.7165806081468732 0.990625 0.7269076305220884
0 0.98046875 0.7378083763625932 0.991796875 0.7492828456683879
0 0.991015625 0.6764199655765921 0.99921875 0.6861732644865175
0 0.99296875 0.7183017785427424 0.999609375 0.7269076305220884
0 0.991796875 0.6970740103270223 0.999609375 0.7056798623063684
0 0.99453125 0.7372346528973035 1.0 0.7475616752725186
0 0.64921875 0.48422260470453243 0.666796875 0.4911072862880092
0 0.64921875 0.5152036718301779 0.667578125 0.5215146299483648
0 0.64921875 0.5456110154905336 0.6671875 0.5519219736087206
0 0.672265625 0.5748709122203098 0.68984375 0.5823293172690763
0 0.67421875 0.606425702811245 0.690625 0.612736660929432
0 0.673046875 0.5438898450946644 0.689453125 0.5513482501434309
0 0.67265625 0.5134825014343086 0.688671875 0.5203671830177854
0 0.671875 0.4825014343086632 0.687890625 0.4899598393574297
0 0.5 0.5111876075731497 0.509765625 0.5232358003442341
0 0.5 0.5352839931153184 0.51015625 0.5473321858864028
0 0.49921875 0.561675272518646 0.51015625 0.5731497418244407
0 0.49921875 0.5851979345955249 0.509765625 0.5972461273666093
0 0.5 0.6098680436029834 0.509765625 0.621342512908778
0 0.5 0.6351118760757315 0.509765625 0.6460126219162364
0 0.53515625 0.5243832472748136 0.54296875 0.5329890992541595
0 0.53515625 0.546758462421113 0.54296875 0.5570854847963281
0 0.5359375 0.5685599541021228 0.54296875 0.5788869764773379
0 0.5359375 0.5926563396442914 0.54296875 0.6024096385542169
0 0.535546875 0.6150315547905909 0.543359375 0.6230636833046471
0 0.501953125 0.37062535857716583 0.512890625 0.3798049340218015
0 0.5109375 0.4836488812392427 0.521484375 0.49282845668387837
0 0.522265625 0.48709122203098104 0.533203125 0.4968445209409065
0 0.53359375 0.48938611589214 0.543359375 0.5008605851979346
0 0.51015625 0.45438898450946646 0.52109375 0.46471600688468157
0 0.521875 0.45840504876649457 0.532421875 0.46815834767641995
0 0.53359375 0.4624211130235227 0.54453125 0.47274813539873783
0 0.50234375 0.4279977051061388 0.5140625 0.4348823866896156
0 0.5140625 0.4325874928284567 0.524609375 0.4406196213425129
0 0.526171875 0.43602983362019504 0.536328125 0.44520940906483075
0 0.50234375 0.3993115318416523 0.5125 0.408491107286288
0 0.5140625 0.40332759609868046 0.524609375 0.4125071715433161
0 0.52578125 0.40906483075157773 0.536328125 0.41824440619621345
0 0.51328125 0.3757888697647734 0.524609375 0.3838209982788296
0 0.525390625 0.3803786574870912 0.536328125 0.3878370625358577
