0 0.28421052631578947 0.275 0.30105263157894735 0.39166666666666666
0 0.3936842105263158 0.21 0.4105263157894737 0.365
0 0.48736842105263156 0.16166666666666665 0.508421052631579 0.34
0 0.6357894736842106 0.23666666666666666 0.6536842105263158 0.37666666666666665
0 0.35789473684210527 0.49833333333333335 0.4 0.565
0 0.44105263157894736 0.49666666666666665 0.4905263157894737 0.5816666666666667
0 0.6 0.49666666666666665 0.6421052631578947 0.5583333333333333
0 0.2536842105263158 0.49166666666666664 0.2810526315789474 0.5483333333333333
0 0.25473684210526315 0.5666666666666667 0.3294736842105263 0.6
0 0.35157894736842105 0.595 0.42947368421052634 0.6333333333333333
0 0.4378947368421053 0.615 0.5578947368421052 0.6616666666666666
0 0.6010526315789474 0.5816666666666667 0.6915789473684211 0.6183333333333333
