0 0.45666666666666667 0.4577777777777778 0.5566666666666666 0.5422222222222223
0 0.07666666666666666 0.26666666666666666 0.20666666666666667 0.3288888888888889
0 0.10666666666666667 0.3511111111111111 0.22 0.39555555555555555
0 0.2 0.39555555555555555 0.2866666666666667 0.4888888888888889
0 0.02 0.5111111111111111 0.11 0.5688888888888889
0 0.11333333333333333 0.4088888888888889 0.19666666666666666 0.5466666666666666
0 0.21333333333333335 0.24888888888888888 0.2966666666666667 0.38222222222222224
0 0.2966666666666667 0.2577777777777778 0.38333333333333336 0.36444444444444446
0 0.36 0.4577777777777778 0.45 0.5688888888888889
0 0.25333333333333335 0.5822222222222222 0.38666666666666666 0.6311111111111111
0 0.13333333333333333 0.5377777777777778 0.23333333333333334 0.64
0 0.043333333333333335 0.5955555555555555 0.13333333333333333 0.7022222222222222
0 0.10333333333333333 0.2088888888888889 0.22666666666666666 0.25333333333333335
0 0.29 0.37777777777777777 0.38 0.4577777777777778
0 0.39 0.3377777777777778 0.47 0.43555555555555553
0 0.56 0.48 0.6733333333333333 0.5733333333333334
0 0.68 0.4577777777777778 0.7566666666666667 0.56
0 0.76 0.4 0.8066666666666666 0.5822222222222222
0 0.64 0.5733333333333334 0.7433333333333333 0.6844444444444444
0 0.55 0.5866666666666667 0.6233333333333333 0.7244444444444444
0 0.49 0.56 0.54 0.7022222222222222
0 0.41 0.5688888888888889 0.48 0.72
0 0.27 0.6444444444444445 0.38666666666666666 0.7777777777777778
0 0.17666666666666667 0.64 0.26666666666666666 0.7555555555555555
0 0.08666666666666667 0.68 0.17333333333333334 0.7911111111111111
0 0.14666666666666667 0.7733333333333333 0.25 0.8533333333333334
0 0.25333333333333335 0.7866666666666666 0.37 0.8755555555555555
0 0.37333333333333335 0.8311111111111111 0.4866666666666667 0.8844444444444445
0 0.5033333333333333 0.8311111111111111 0.5866666666666667 0.8888888888888888
0 0.6 0.8133333333333334 0.72 0.8888888888888888
0 0.23666666666666666 0.48 0.35333333333333333 0.5555555555555556
0 0.47333333333333333 0.3022222222222222 0.5466666666666666 0.43555555555555553
0 0.5866666666666667 0.39111111111111113 0.6933333333333334 0.4888888888888889
0 0.6133333333333333 0.28444444444444444 0.7066666666666667 0.39111111111111113
0 0.5566666666666666 0.26666666666666666 0.6333333333333333 0.41333333333333333
0 0.37666666666666665 0.20444444444444446 0.4633333333333333 0.3244444444444444
0 0.36666666666666664 0.12 0.48 0.17777777777777778
0 0.29333333333333333 0.12444444444444444 0.38 0.22666666666666666
0 0.47 0.21777777777777776 0.5666666666666667 0.27111111111111114
0 0.48333333333333334 0.10666666666666667 0.59 0.20444444444444446
0 0.5866666666666667 0.14222222222222222 0.6533333333333333 0.25333333333333335
0 0.6533333333333333 0.12 0.76 0.19111111111111112
0 0.6566666666666666 0.20444444444444446 0.7533333333333333 0.27555555555555555
0 0.7233333333333334 0.7688888888888888 0.8066666666666666 0.8666666666666667
0 0.66 0.6755555555555556 0.74 0.7911111111111111
0 0.8166666666666667 0.5466666666666666 0.89 0.6666666666666666
0 0.8066666666666666 0.6844444444444444 0.89 0.84
0 0.32666666666666666 0.7377777777777778 0.45 0.8088888888888889
0 0.7733333333333333 0.2577777777777778 0.8433333333333334 0.36
0 0.8533333333333334 0.23555555555555555 0.9666666666666667 0.3377777777777778
0 0.45666666666666667 0.72 0.5533333333333333 0.8133333333333334
0 0.88 0.6044444444444445 0.9633333333333334 0.7377777777777778
0 0.7433333333333333 0.6133333333333333 0.82 0.7466666666666667
0 0.81 0.3688888888888889 0.89 0.5288888888888889
0 0.89 0.3288888888888889 0.9633333333333334 0.44
0 0.6966666666666667 0.29777777777777775 0.7666666666666667 0.43555555555555553
0 0.8833333333333333 0.4533333333333333 0.9866666666666667 0.5777777777777777
0 0.7566666666666667 0.14222222222222222 0.8566666666666667 0.25333333333333335
0 0.043333333333333335 0.3511111111111111 0.09666666666666666 0.48444444444444446
