0 0.490625 0.11 0.52625 0.13666666666666666
0 0.0725 0.24222222222222223 0.0925 0.25666666666666665
0 0.1625 0.17666666666666667 0.184375 0.19333333333333333
0 0.125625 0.10777777777777778 0.14625 0.12444444444444444
0 0.246875 0.2288888888888889 0.261875 0.2411111111111111
0 0.248125 0.16555555555555557 0.26875 0.17666666666666667
0 0.061875 0.44555555555555554 0.08375 0.4622222222222222
0 0.11375 0.47 0.13375 0.4855555555555556
0 0.17125 0.4177777777777778 0.19 0.4311111111111111
0 0.109375 0.42 0.12875 0.43666666666666665
0 0.023125 0.5277777777777778 0.043125 0.5455555555555556
0 0.069375 0.55 0.08875 0.5644444444444444
0 0.065 0.6688888888888889 0.088125 0.6833333333333333
0 0.18625 0.6566666666666666 0.211875 0.6755555555555556
0 0.23 0.5744444444444444 0.25375 0.5888888888888889
0 0.185625 0.6111111111111112 0.203125 0.6255555555555555
0 0.2175 0.5311111111111111 0.233125 0.5477777777777778
0 0.2925 0.3988888888888889 0.31375 0.41
0 0.36 0.39666666666666667 0.38 0.4088888888888889
0 0.363125 0.4811111111111111 0.390625 0.4955555555555556
0 0.288125 0.47888888888888886 0.31125 0.49
0 0.2775 0.5533333333333333 0.300625 0.5677777777777778
0 0.360625 0.56 0.384375 0.5766666666666667
0 0.266875 0.66 0.293125 0.6744444444444444
0 0.344375 0.6755555555555556 0.37125 0.6922222222222222
0 0.455625 0.4444444444444444 0.481875 0.4588888888888889
0 0.445 0.5222222222222223 0.46875 0.5411111111111111
0 0.451875 0.5766666666666667 0.476875 0.59
0 0.425 0.6777777777777778 0.455 0.6944444444444444
0 0.534375 0.4766666666666667 0.56375 0.4922222222222222
0 0.53125 0.56 0.555625 0.5755555555555556
0 0.515 0.6944444444444444 0.54375 0.7133333333333334
0 0.6325 0.4255555555555556 0.65625 0.43777777777777777
0 0.621875 0.5055555555555555 0.6525 0.5211111111111111
0 0.600625 0.6233333333333333 0.635 0.6444444444444445
0 0.595625 0.7222222222222222 0.625 0.7422222222222222
0 0.6175 0.5977777777777777 0.64625 0.6111111111111112
0 0.70875 0.43222222222222223 0.73375 0.4444444444444444
0 0.70375 0.5233333333333333 0.735 0.5377777777777778
0 0.7 0.6211111111111111 0.7325 0.6422222222222222
0 0.69125 0.7311111111111112 0.728125 0.7577777777777778
0 0.790625 0.42777777777777776 0.816875 0.44222222222222224
0 0.79375 0.52 0.825625 0.5355555555555556
0 0.790625 0.6211111111111111 0.82625 0.6444444444444445
0 0.785 0.7711111111111111 0.823125 0.7955555555555556
0 0.94125 0.49333333333333335 0.975 0.5111111111111111
0 0.949375 0.5855555555555556 0.985 0.6066666666666667
0 0.681875 0.22666666666666666 0.7325 0.2611111111111111
0 0.679375 0.08 0.73375 0.11555555555555555
0 0.85375 0.16444444444444445 0.879375 0.18333333333333332
0 0.84125 0.2388888888888889 0.88375 0.2644444444444444
0 0.964375 0.23666666666666666 0.999375 0.2588888888888889
0 0.49625 0.2544444444444444 0.533125 0.2822222222222222
0 0.9525 0.8477777777777777 0.985625 0.8722222222222222
