0 0.41375 0.140754369825207 0.446875 0.1609935602575897
0 0.275 0.16835326586936522 0.30625 0.2014719411223551
0 0.159375 0.19963201471941122 0.198125 0.23183072677092917
0 0.136875 0.5795768169273229 0.1825 0.6016559337626495
0 0.315 0.5768169273229071 0.35125 0.6080956761729531
0 0.4625 0.6136154553817847 0.499375 0.6439742410303588
0 0.64875 0.6108555657773689 0.71375 0.7157313707451702
0 0.614375 0.7258509659613616 0.634375 0.7424103035878565
0 0.73125 0.43146274149034036 0.77375 0.49494020239190434
0 0.80625 0.24839006439742412 0.84875 0.30818767249310025
0 0.651875 0.15087396504139836 0.69375 0.20791168353265868
0 0.565 0.13339466421343146 0.605625 0.19319227230910763
