0 0.03372093023255814 0.001718213058419244 0.22441860465116278 0.09106529209621993
0 0.03255813953488372 0.21993127147766323 0.2255813953488372 0.30584192439862545
0 0.05581395348837209 0.436426116838488 0.19883720930232557 0.5274914089347079
0 0.05116279069767442 0.6632302405498282 0.16511627906976745 0.7371134020618557
0 0.05 0.8831615120274914 0.15813953488372093 0.9639175257731959
0 0.37209302325581395 0.001718213058419244 0.563953488372093 0.0859106529209622
0 0.7116279069767442 0.012027491408934709 0.9069767441860465 0.09450171821305842
0 0.7174418604651163 0.22508591065292097 0.9081395348837209 0.30412371134020616
0 0.7697674418604651 0.4536082474226804 0.9069767441860465 0.5360824742268041
0 0.7988372093023256 0.6683848797250859 0.9058139534883721 0.7508591065292096
0 0.8046511627906977 0.8917525773195877 0.9104651162790698 0.9742268041237113
0 0.0069767441860465115 0.11168384879725086 0.053488372093023255 0.18384879725085912
0 0.00813953488372093 0.33505154639175255 0.05465116279069768 0.39862542955326463
0 0.005813953488372093 0.5549828178694158 0.05581395348837209 0.6237113402061856
0 0.00813953488372093 0.7766323024054983 0.05232558139534884 0.8470790378006873
0 0.3453488372093023 0.11512027491408934 0.38953488372093026 0.18384879725085912
0 0.686046511627907 0.1254295532646048 0.7313953488372092 0.18900343642611683
