0 0.023333333333333334 0.9405684754521964 0.09111111111111111 0.9767441860465116
0 0.2222222222222222 0.9405684754521964 0.2911111111111111 0.9767441860465116
0 0.41888888888888887 0.937984496124031 0.48777777777777775 0.979328165374677
0 0.6211111111111111 0.9250645994832042 0.6922222222222222 0.9664082687338501
0 0.9477777777777778 0.3669250645994832 0.9611111111111111 0.524547803617571
0 0.9722222222222222 0.5710594315245479 0.9877777777777778 0.7364341085271318
0 0.12444444444444444 0.20930232558139536 0.18555555555555556 0.25064599483204136
0 0.3233333333333333 0.20155038759689922 0.38333333333333336 0.25064599483204136
0 0.5222222222222223 0.17829457364341086 0.5844444444444444 0.2248062015503876
0 0.7266666666666667 0.16279069767441862 0.79 0.20930232558139536
