0 0.1282367447595561 0.4770992366412214 0.2712700369913687 0.6316793893129771
0 0.3908754623921085 0.5267175572519084 0.46609124537607893 0.601145038167939
0 0.3070283600493218 0.23473282442748092 0.35758323057953145 0.3606870229007634
0 0.49445129469790383 0.4713740458015267 0.5487053020961775 0.5229007633587787
0 0.48212083847102344 0.17938931297709923 0.6066584463625154 0.29389312977099236
0 0.4130702836004932 0.21183206106870228 0.46115906288532676 0.2385496183206107
0 0.689272503082614 0.30725190839694655 0.8532675709001233 0.44274809160305345
0 0.591861898890259 0.3377862595419847 0.6757090012330457 0.41412213740458015
0 0.6473489519112207 0.21183206106870228 0.686806411837238 0.24045801526717558
0 0.1504315659679408 0.6068702290076335 0.2034525277435265 0.6583969465648855
0 0.4118372379778052 0.6545801526717557 0.4648581997533909 0.6812977099236641
0 0.6424167694204685 0.6030534351145038 0.6794081381011098 0.6316793893129771
0 0.7681874229346486 0.5706106870229007 0.7891491985203453 0.5935114503816794
0 0.8310727496917386 0.4255725190839695 0.8705302096177558 0.44656488549618323
