0 0.2553648068669528 0.5106382978723404 0.40772532188841204 0.6347517730496454
0 0.7188841201716738 0.8475177304964538 0.8497854077253219 0.9609929078014184
0 0.8154506437768241 0.6347517730496454 0.8841201716738197 0.7127659574468085
0 0.2510729613733906 0.29432624113475175 0.3776824034334764 0.45390070921985815
0 0.06437768240343347 0.30851063829787234 0.13948497854077252 0.38652482269503546
0 0.1072961373390558 0.20567375886524822 0.19742489270386265 0.25886524822695034
0 0.5686695278969958 0.46808510638297873 0.6201716738197425 0.524822695035461
0 0.6201716738197425 0.18085106382978725 0.6716738197424893 0.21631205673758866
0 0.48283261802575106 0.18439716312056736 0.5386266094420601 0.21631205673758866
0 0.6244635193133047 0.1524822695035461 0.6695278969957081 0.18439716312056736
0 0.4871244635193133 0.1595744680851064 0.5364806866952789 0.18439716312056736
