0 0.534 0.315 0.632 0.35
0 0.66 0.2975 0.772 0.3375
0 0.838 0.2825 0.96 0.325
0 0.584 0.6925 0.634 0.7325
0 0.24 0.7925 0.284 0.82
0 0.166 0.7925 0.208 0.81
0 0.27 0.735 0.314 0.7525
0 0.272 0.6775 0.316 0.7
0 0.276 0.6225 0.324 0.64
0 0.208 0.57 0.254 0.585
0 0.14 0.57 0.182 0.59
0 0.07 0.57 0.112 0.5875
0 0.076 0.6175 0.114 0.64
0 0.074 0.67 0.114 0.6925
0 0.076 0.715 0.112 0.74
0 0.03 0.785 0.072 0.81
0 0.132 0.7275 0.178 0.745
0 0.196 0.73 0.238 0.75
0 0.23 0.705 0.272 0.725
0 0.204 0.6225 0.248 0.6425
0 0.136 0.6725 0.178 0.6925
0 0.136 0.62 0.178 0.6425
