0 0.31830601092896177 0.02666666666666667 0.7663934426229508 0.18518518518518517
0 0.5136612021857924 0.19555555555555557 0.575136612021858 0.26814814814814814
0 0.5710382513661202 0.2518518518518518 0.6639344262295082 0.32296296296296295
0 0.7568306010928961 0.2474074074074074 0.8510928961748634 0.31851851851851853
0 0.366120218579235 0.24296296296296296 0.4562841530054645 0.31851851851851853
0 0.15163934426229508 0.2311111111111111 0.24453551912568305 0.3111111111111111
0 0.10382513661202186 0.6962962962962963 0.2827868852459016 0.794074074074074
0 0.30327868852459017 0.6888888888888889 0.4849726775956284 0.7896296296296297
0 0.5109289617486339 0.6888888888888889 0.6912568306010929 0.7925925925925926
0 0.7049180327868853 0.6962962962962963 0.8825136612021858 0.7896296296296297
