0 0.33046875 0.7245017584994138 0.38125 0.7526377491207503
0 0.38203125 0.7268464243845252 0.4453125 0.757327080890973
0 0.4515625 0.7338804220398594 0.5421875 0.7667057444314185
0 0.5453125 0.7256740914419695 0.6265625 0.7584994138335287
0 0.6234375 0.731535756154748 0.665625 0.7549824150058617
0 0.3640625 0.447831184056272 0.378125 0.5533411488862837
0 0.415625 0.43259085580304807 0.43515625 0.5439624853458382
0 0.48828125 0.4114888628370457 0.5046875 0.5345838218053928
0 0.578125 0.43259085580304807 0.58984375 0.5439624853458382
0 0.61875 0.4618991793669402 0.634375 0.5627198124267292
