0 0.2765625 0.17225950782997762 0.7921875 0.28187919463087246
0 0.325 0.3959731543624161 0.534375 0.4541387024608501
0 0.0015625 0.35570469798657717 0.203125 0.4407158836689038
0 0.0015625 0.4519015659955257 0.14375 0.5033557046979866
0 0.09375 0.5011185682326622 0.196875 0.5279642058165548
0 0.121875 0.5548098434004475 0.203125 0.5816554809843401
0 0.6984375 0.48769574944071586 0.7796875 0.5145413870246085
0 0.040625 0.5570469798657718 0.090625 0.5816554809843401
0 0.0015625 0.2080536912751678 0.134375 0.319910514541387
0 0.578125 0.48769574944071586 0.6453125 0.5279642058165548
0 0.515625 0.4272930648769575 0.6296875 0.4697986577181208
