0 0.4185 0.5165 0.6015 0.5275
0 0.369 0.5705 0.403 0.6085
0 0.482 0.5685 0.5215 0.604
0 0.6 0.5685 0.6365 0.604
0 0.3715 0.6735 0.4075 0.708
0 0.484 0.6715 0.5195 0.708
0 0.5965 0.6715 0.634 0.7045
0 0.4905 0.4905 0.5255 0.4965
0 0.672 0.726 0.699 0.7645
0 0.4235 0.805 0.455 0.818
0 0.54 0.8065 0.579 0.8195
0 0.6675 0.7675 0.7 0.7895
0 0.545 0.7755 0.579 0.7895
0 0.661 0.7955 0.695 0.8155
0 0.2975 0.7175 0.3225 0.7555
0 0.4155 0.775 0.454 0.787
0 0.2985 0.757 0.33 0.7835
0 0.3065 0.7865 0.337 0.809
