0 0.31797235023041476 0.150997150997151 0.4251152073732719 0.21652421652421652
0 0.27419354838709675 0.13817663817663817 0.31336405529953915 0.1908831908831909
0 0.5783410138248848 0.7521367521367521 0.6428571428571429 0.7777777777777778
0 0.5506912442396313 0.7521367521367521 0.5748847926267281 0.782051282051282
0 0.4251152073732719 0.6581196581196581 0.4412442396313364 0.717948717948718
0 0.49078341013824883 0.6509971509971509 0.5069124423963134 0.7108262108262108
0 0.5610599078341014 0.6552706552706553 0.5748847926267281 0.7122507122507122
0 0.597926267281106 0.6609686609686609 0.6094470046082949 0.717948717948718
0 0.6278801843317973 0.6666666666666666 0.6405529953917051 0.7207977207977208
0 0.4251152073732719 0.7207977207977208 0.4400921658986175 0.7393162393162394
0 0.49078341013824883 0.7136752136752137 0.5069124423963134 0.7364672364672364
0 0.5610599078341014 0.7150997150997151 0.576036866359447 0.7421652421652422
0 0.597926267281106 0.717948717948718 0.6105990783410138 0.7378917378917379
0 0.6267281105990783 0.717948717948718 0.6394009216589862 0.7450142450142451
