0 0.5899661303979679 0.09904761904761905 0.7512701100762066 0.18126984126984128
0 0.5317527519051651 0.22412698412698412 0.6731583403895004 0.36857142857142855
0 0.7616426756985606 0.18031746031746032 0.8156223539373413 0.2492063492063492
0 0.7470364098221846 0.12 0.785774767146486 0.16825396825396827
0 0.7842929720575783 0.10126984126984127 0.8001693480101609 0.14634920634920634
0 0.665961049957663 0.4146031746031746 0.7163420829805249 0.5076190476190476
0 0.6388653683319221 0.5009523809523809 0.7315834038950042 0.5863492063492064
0 0.5127011007620661 0.6980952380952381 0.5702794242167655 0.7571428571428571
0 0.31773920406435224 0.626984126984127 0.357112616426757 0.6958730158730159
0 0.252116850127011 0.6936507936507936 0.28937341236240477 0.7165079365079365
0 0.31498729889923793 0.5622222222222222 0.3621930567315834 0.5803174603174603
0 0.3073666384419983 0.5796825396825397 0.3573243014394581 0.6022222222222222
0 0.3010160880609653 0.6019047619047619 0.34928027095681624 0.6238095238095238
0 0.5594834885690093 0.38603174603174606 0.5914479254868755 0.42634920634920637
0 0.45808636748518206 0.39746031746031746 0.49745977984758677 0.4301587301587302
0 0.46316680779000846 0.39206349206349206 0.48814563928873833 0.4146031746031746
0 0.46380186282811176 0.3853968253968254 0.48327688399661306 0.4053968253968254
