0 0.0730605738575983 0.7333795013850416 0.08368756641870351 0.747229916897507
0 0.27151965993623806 0.7067174515235457 0.2808182784272051 0.7198753462603878
0 0.27151965993623806 0.7219529085872576 0.27975557917109456 0.7354570637119113
0 0.5377258235919234 0.578601108033241 0.555260361317747 0.6049168975069252
0 0.6115834218916046 0.5772160664819944 0.6227417640807651 0.6045706371191135
0 0.5579171094580234 0.5754847645429363 0.5749202975557917 0.603185595567867
0 0.6246014877789585 0.5799861495844876 0.6344314558979809 0.6087257617728532
0 0.7869287991498406 0.7160664819944599 0.7954303931987248 0.7274930747922438
0 0.7874601487778958 0.7292243767313019 0.79596174282678 0.7399584487534626
0 0.5002656748140276 0.7659279778393352 0.5058448459086079 0.7735457063711911
0 0.40913921360255046 0.7669667590027701 0.41392136025504783 0.774584487534626
0 0.3281083953241233 0.7676592797783933 0.33235919234856537 0.7749307479224377
0 0.5058448459086079 0.7662742382271468 0.5114240170031881 0.7731994459833795
0 0.4136556854410202 0.7673130193905817 0.41896918172157277 0.7742382271468145
0 0.33209351753453775 0.7686980609418282 0.3363443145589798 0.7749307479224377
