0 0.33454545454545453 0.11620111731843576 0.44272727272727275 0.15865921787709497
0 0.6218181818181818 0.1564245810055866 0.7281818181818182 0.19553072625698323
0 0.8118181818181818 0.43575418994413406 0.8963636363636364 0.4681564245810056
0 0.7272727272727273 0.6905027932960894 0.8618181818181818 0.7430167597765364
0 0.38636363636363635 0.45251396648044695 0.6054545454545455 0.5340782122905028
0 0.4318181818181818 0.788826815642458 0.5472727272727272 0.8346368715083798
0 0.09272727272727273 0.6603351955307263 0.22454545454545455 0.711731843575419
0 0.08454545454545455 0.3854748603351955 0.2109090909090909 0.4335195530726257
0 0.31272727272727274 0.10502793296089385 0.33636363636363636 0.1329608938547486
0 0.5963636363636363 0.1418994413407821 0.6181818181818182 0.17318435754189945
0 0.8154545454545454 0.4122905027932961 0.8327272727272728 0.4324022346368715
0 0.81 0.39553072625698327 0.8772727272727273 0.4100558659217877
0 0.6981818181818182 0.6893854748603352 0.7254545454545455 0.7206703910614525
0 0.4072727272727273 0.7877094972067039 0.4290909090909091 0.8178770949720671
0 0.06181818181818182 0.6581005586592179 0.09181818181818181 0.6893854748603352
0 0.05909090909090909 0.3743016759776536 0.08545454545454545 0.4033519553072626
0 0.14 0.5955307262569832 0.26636363636363636 0.6201117318435754
0 0.2581818181818182 0.6513966480446928 0.30272727272727273 0.7329608938547486
0 0.6436363636363637 0.46256983240223465 0.67 0.4983240223463687
0 0.3409090909090909 0.05251396648044693 0.4481818181818182 0.07374301675977654
0 0.6236363636363637 0.08603351955307263 0.7390909090909091 0.10949720670391061
0 0.40454545454545454 0.38994413407821227 0.5972727272727273 0.4201117318435754
0 0.3481818181818182 0.42793296089385474 0.3881818181818182 0.48268156424581005
0 0.11 0.5932960893854748 0.13818181818181818 0.6033519553072626
