0 0.1421875 0.23042505592841164 0.24375 0.28635346756152125
0 0.2953125 0.1342281879194631 0.421875 0.20134228187919462
0 0.4375 0.4250559284116331 0.465625 0.5369127516778524
0 0.546875 0.09395973154362416 0.61875 0.1342281879194631
0 0.715625 0.2505592841163311 0.8171875 0.3087248322147651
0 0.490625 0.7293064876957495 0.51875 0.843400447427293
0 0.5296875 0.6085011185682326 0.5734375 0.6577181208053692
0 0.58125 0.6487695749440716 0.6125 0.7069351230425056
0 0.671875 0.6353467561521253 0.703125 0.7516778523489933
0 0.765625 0.5861297539149888 0.803125 0.6442953020134228
0 0.3984375 0.48322147651006714 0.4125 0.5838926174496645
0 0.4125 0.2930648769574944 0.446875 0.3221476510067114
0 0.1140625 0.19686800894854586 0.1828125 0.21029082774049218
