0 0.640625 0.2793733681462141 0.6806640625 0.2963446475195822
0 0.646484375 0.36553524804177545 0.685546875 0.38511749347258484
0 0.6435546875 0.45300261096605743 0.681640625 0.46866840731070497
0 0.6474609375 0.5391644908616188 0.6865234375 0.5548302872062664
0 0.6435546875 0.6227154046997389 0.6826171875 0.639686684073107
0 0.2041015625 0.10182767624020887 0.251953125 0.13446475195822455
0 0.3759765625 0.06788511749347259 0.4326171875 0.10182767624020887
0 0.37109375 0.007832898172323759 0.3837890625 0.0639686684073107
0 0.423828125 0.007832898172323759 0.4365234375 0.0639686684073107
0 0.1298828125 0.031331592689295036 0.14453125 0.12140992167101827
0 0.228515625 0.0026109660574412533 0.2421875 0.04308093994778068
0 0.009765625 0.46736292428198434 0.03125 0.47911227154047
0 0.291015625 0.08616187989556136 0.34765625 0.11357702349869452
0 0.130859375 0.12924281984334204 0.18359375 0.1462140992167102
