0 0.1945 0.054 0.814 0.4
0 0.1325 0.538 0.1665 0.569
0 0.171 0.529 0.207 0.561
0 0.219 0.538 0.258 0.57
0 0.2595 0.54 0.2995 0.571
0 0.3035 0.539 0.3425 0.573
0 0.3455 0.539 0.3855 0.576
0 0.393 0.541 0.4295 0.572
0 0.224 0.512 0.241 0.534
0 0.268 0.514 0.2855 0.536
0 0.3105 0.514 0.328 0.535
0 0.3535 0.514 0.3715 0.537
0 0.4035 0.514 0.4195 0.534
0 0.1785 0.507 0.189 0.523
0 0.1395 0.514 0.15 0.53
0 0.2515 0.747 0.285 0.776
0 0.288 0.74 0.3235 0.771
0 0.3275 0.747 0.363 0.774
0 0.366 0.745 0.401 0.775
0 0.407 0.746 0.443 0.773
0 0.256 0.725 0.2695 0.744
0 0.2935 0.72 0.308 0.742
0 0.3355 0.726 0.3505 0.745
0 0.373 0.726 0.3875 0.745
0 0.4175 0.725 0.4315 0.744
0 0.2865 0.877 0.3145 0.902
0 0.32 0.879 0.3505 0.901
0 0.3555 0.882 0.3855 0.905
0 0.3905 0.882 0.42 0.905
0 0.2915 0.855 0.304 0.871
0 0.327 0.858 0.3395 0.874
0 0.3615 0.859 0.3755 0.875
0 0.3975 0.86 0.4105 0.877
0 0.455 0.731 0.476 0.748
0 0.493 0.732 0.5135 0.75
0 0.535 0.734 0.5555 0.754
0 0.5735 0.734 0.595 0.752
0 0.613 0.729 0.635 0.753
0 0.6585 0.729 0.681 0.751
0 0.7005 0.73 0.7215 0.755
0 0.6065 0.505 0.7485 0.552
0 0.851 0.75 0.876 0.776
0 0.8085 0.899 0.838 0.923
0 0.8425 0.899 0.872 0.923
0 0.815 0.028 0.83 0.045
