0 0.5016666666666667 0.8252788104089219 0.5866666666666667 0.8884758364312267
0 0.2966666666666667 0.11895910780669144 0.375 0.22304832713754646
0 0.36833333333333335 0.11895910780669144 0.4816666666666667 0.17472118959107807
0 0.4866666666666667 0.10037174721189591 0.585 0.20074349442379183
0 0.5883333333333334 0.137546468401487 0.6516666666666666 0.2527881040892193
0 0.6566666666666666 0.11524163568773234 0.755 0.1970260223048327
0 0.7583333333333333 0.1412639405204461 0.8566666666666667 0.25650557620817843
0 0.08 0.26394052044609667 0.2 0.32342007434944237
0 0.105 0.34572490706319703 0.21666666666666667 0.3903345724907063
0 0.21666666666666667 0.241635687732342 0.2916666666666667 0.3754646840148699
0 0.11333333333333333 0.4052044609665427 0.19666666666666666 0.5464684014869888
0 0.021666666666666667 0.5092936802973977 0.10833333333333334 0.5724907063197026
0 0.043333333333333335 0.5910780669144982 0.12833333333333333 0.7026022304832714
0 0.09 0.6728624535315985 0.17 0.79182156133829
0 0.15166666666666667 0.7732342007434945 0.24666666666666667 0.8550185873605948
0 0.25666666666666665 0.7843866171003717 0.36333333333333334 0.8736059479553904
0 0.375 0.8327137546468402 0.48833333333333334 0.8847583643122676
0 0.18 0.6356877323420075 0.26166666666666666 0.758364312267658
0 0.13166666666666665 0.5390334572490706 0.23166666666666666 0.6431226765799256
0 0.20166666666666666 0.39776951672862454 0.2816666666666667 0.48698884758364314
0 0.2966666666666667 0.24907063197026022 0.37833333333333335 0.3680297397769517
0 0.38 0.20074349442379183 0.465 0.31970260223048325
0 0.4683333333333333 0.21189591078066913 0.5683333333333334 0.275092936802974
0 0.4766666666666667 0.29739776951672864 0.5483333333333333 0.43866171003717475
0 0.3883333333333333 0.3345724907063197 0.4683333333333333 0.4349442379182156
0 0.2866666666666667 0.3754646840148699 0.38166666666666665 0.46096654275092935
0 0.24833333333333332 0.5762081784386617 0.38333333333333336 0.6319702602230484
0 0.32666666666666666 0.7360594795539034 0.45166666666666666 0.8104089219330854
0 0.27 0.6468401486988847 0.385 0.7806691449814126
0 0.35833333333333334 0.45353159851301117 0.45166666666666666 0.5724907063197026
0 0.4066666666666667 0.5650557620817844 0.48 0.7211895910780669
0 0.49166666666666664 0.5539033457249071 0.54 0.7026022304832714
0 0.555 0.5836431226765799 0.62 0.7286245353159851
0 0.6 0.8104089219330854 0.7166666666666667 0.8847583643122676
0 0.725 0.7695167286245354 0.805 0.8661710037174721
0 0.8066666666666666 0.6840148698884758 0.885 0.8401486988847584
0 0.64 0.5687732342007435 0.7416666666666667 0.6802973977695167
0 0.5616666666666666 0.4795539033457249 0.6733333333333333 0.5724907063197026
0 0.5866666666666667 0.38661710037174724 0.6883333333333334 0.48698884758364314
0 0.6816666666666666 0.45353159851301117 0.7566666666666667 0.5576208178438662
0 0.8183333333333334 0.5464684014869888 0.89 0.6654275092936803
0 0.8833333333333333 0.6022304832713755 0.9616666666666667 0.7323420074349443
0 0.745 0.6133828996282528 0.8166666666666667 0.7509293680297398
0 0.6616666666666666 0.6728624535315985 0.74 0.7955390334572491
0 0.455 0.7211895910780669 0.55 0.8066914498141264
0 0.615 0.275092936802974 0.7066666666666667 0.3903345724907063
0 0.4583333333333333 0.45724907063197023 0.5566666666666666 0.5390334572490706
0 0.895 0.3159851301115242 0.9666666666666667 0.4349442379182156
0 0.8866666666666667 0.44981412639405205 0.9883333333333333 0.5724907063197026
0 0.8133333333333334 0.3643122676579926 0.8883333333333333 0.5204460966542751
0 0.7 0.29739776951672864 0.77 0.4423791821561338
0 0.7733333333333333 0.2527881040892193 0.8483333333333334 0.36059479553903345
0 0.6566666666666666 0.20074349442379183 0.7516666666666667 0.27137546468401486
0 0.23833333333333334 0.483271375464684 0.35 0.5576208178438662
0 0.76 0.39776951672862454 0.81 0.5799256505576208
0 0.8516666666666667 0.21933085501858737 0.9583333333333334 0.3308550185873606
0 0.10833333333333334 0.20074349442379183 0.22666666666666666 0.24907063197026022
0 0.56 0.26394052044609667 0.635 0.40148698884758366
0 0.04666666666666667 0.34944237918215615 0.095 0.483271375464684
