0 0.30666666666666664 0.4533001245330012 0.49666666666666665 0.5616438356164384
0 0.09916666666666667 0.48816936488169366 0.30833333333333335 0.6027397260273972
0 0.49166666666666664 0.4396014943960149 0.6408333333333334 0.5317559153175592
0 0.16666666666666666 0.6052303860523038 0.3016666666666667 0.7085927770859277
0 0.3358333333333333 0.5765877957658779 0.47333333333333333 0.6537982565379825
0 0.5191666666666667 0.539227895392279 0.6266666666666667 0.6114570361145704
0 0.6416666666666667 0.5155666251556662 0.7358333333333333 0.5716064757160647
0 0.8116666666666666 0.597758405977584 0.9333333333333333 0.7372353673723536
0 0.18833333333333332 0.7770859277708593 0.5333333333333333 0.9987546699875467
0 0.5475 0.7061021170610212 0.755 0.9215442092154421
