0 0.3709483793517407 0.5584883023395321 0.6410564225690276 0.5830833833233353
0 0.8031212484993998 0.07258548290341932 0.9327731092436975 0.08938212357528494
0 0.4789915966386555 0.34073185362927416 0.5222088835534213 0.34613077384523094
0 0.4069627851140456 0.4373125374925015 0.45138055222088835 0.4439112177564487
0 0.4549819927971189 0.4379124175164967 0.49939975990396157 0.4439112177564487
0 0.5042016806722689 0.4379124175164967 0.5486194477791116 0.4451109778044391
0 0.553421368547419 0.4385122975404919 0.595438175270108 0.4439112177564487
0 0.3397358943577431 0.5374925014997001 0.38415366146458585 0.5416916616676665
0 0.3877551020408163 0.5368926214757048 0.42857142857142855 0.5416916616676665
0 0.4345738295318127 0.5362927414517097 0.4765906362545018 0.5422915416916617
0 0.4801920768307323 0.5356928614277144 0.524609843937575 0.5422915416916617
0 0.5306122448979592 0.5368926214757048 0.5738295318127251 0.5416916616676665
0 0.5738295318127251 0.5350929814037193 0.6158463385354142 0.5410917816436712
0 0.6194477791116446 0.5356928614277144 0.6674669867947179 0.5422915416916617
0 0.3553421368547419 0.4859028194361128 0.36494597839135656 0.5068986202759448
0 0.4021608643457383 0.48470305938812236 0.4117647058823529 0.5062987402519497
0 0.4249699879951981 0.38752249550089984 0.4345738295318127 0.40791841631673664
0 0.47418967587034816 0.38752249550089984 0.48139255702280914 0.40791841631673664
0 0.5198079231692677 0.3863227354529094 0.5306122448979592 0.40851829634073183
0 0.5702280912364946 0.3869226154769046 0.5786314525810324 0.40791841631673664
0 0.4477791116446579 0.48470305938812236 0.45738295318127253 0.5062987402519497
0 0.4957983193277311 0.48470305938812236 0.5066026410564226 0.5056988602279544
0 0.5462184873949579 0.48530293941211755 0.5570228091236494 0.5056988602279544
0 0.5942376950780313 0.48530293941211755 0.6038415366146459 0.5062987402519497
0 0.6410564225690276 0.48530293941211755 0.6482593037214885 0.5068986202759448
0 0.2857142857142857 0.5818836232753449 0.2929171668667467 0.6034793041391722
0 0.33373349339735897 0.5812837432513497 0.34093637454981995 0.6034793041391722
0 0.6662665066026411 0.5806838632273545 0.6770708283313326 0.6028794241151769
0 0.7166866746698679 0.5818836232753449 0.7262905162064826 0.6028794241151769
0 0.2665066026410564 0.6328734253149371 0.3097238895558223 0.6382723455308938
0 0.31452581032412963 0.6322735452909418 0.3577430972388956 0.638872225554889
0 0.3637454981992797 0.6334733053389322 0.4057623049219688 0.6382723455308938
0 0.4141656662665066 0.6334733053389322 0.453781512605042 0.6382723455308938
0 0.45858343337334934 0.6328734253149371 0.503001200480192 0.6382723455308938
0 0.5054021608643458 0.6334733053389322 0.5486194477791116 0.6382723455308938
0 0.553421368547419 0.6328734253149371 0.5978391356542617 0.6394721055788842
0 0.6038415366146459 0.6334733053389322 0.6458583433373349 0.6382723455308938
0 0.6482593037214885 0.6328734253149371 0.695078031212485 0.638872225554889
0 0.6974789915966386 0.6328734253149371 0.7430972388955582 0.6382723455308938
0 0.2184873949579832 0.6778644271145771 0.226890756302521 0.7000599880023995
0 0.2665066026410564 0.6784643071385723 0.2737094837935174 0.6994601079784043
0 0.3133253301320528 0.6784643071385723 0.3217286914765906 0.7000599880023995
0 0.36134453781512604 0.6784643071385723 0.3709483793517407 0.6994601079784043
0 0.4105642256902761 0.6796640671865627 0.4189675870348139 0.6994601079784043
0 0.4561824729891957 0.6790641871625674 0.4669867947178872 0.6994601079784043
0 0.5042016806722689 0.6790641871625674 0.5150060024009604 0.6988602279544092
0 0.553421368547419 0.6772645470905819 0.5630252100840336 0.7000599880023995
0 0.5990396158463386 0.6790641871625674 0.6086434573829532 0.6994601079784043
0 0.6470588235294118 0.6778644271145771 0.6554621848739496 0.7000599880023995
0 0.6938775510204082 0.6796640671865627 0.7034813925570228 0.7000599880023995
0 0.7430972388955582 0.6784643071385723 0.751500600240096 0.6994601079784043
0 0.7899159663865546 0.6790641871625674 0.7983193277310925 0.7000599880023995
0 0.20048019207683074 0.7294541091781643 0.24129651860744297 0.7354529094181164
0 0.24849939975990396 0.7300539892021596 0.2893157262905162 0.7348530293941212
0 0.29531812725090034 0.7294541091781643 0.34093637454981995 0.7348530293941212
0 0.3445378151260504 0.7300539892021596 0.38535414165666265 0.7354529094181164
0 0.39255702280912363 0.7294541091781643 0.4345738295318127 0.7348530293941212
0 0.43937575030012005 0.7294541091781643 0.4837935174069628 0.7354529094181164
0 0.48619447779111646 0.7294541091781643 0.5294117647058824 0.7354529094181164
0 0.5354141656662665 0.7300539892021596 0.5786314525810324 0.7354529094181164
0 0.6290516206482593 0.7300539892021596 0.6710684273709484 0.7354529094181164
0 0.581032412965186 0.7300539892021596 0.6206482593037215 0.7360527894421116
0 0.6758703481392557 0.7294541091781643 0.7214885954381752 0.7348530293941212
0 0.723889555822329 0.7300539892021596 0.7707082833133253 0.7354529094181164
0 0.7695078031212484 0.7300539892021596 0.8163265306122449 0.7348530293941212
