0 0.07166666666666667 0.7002881844380403 0.14666666666666667 0.7435158501440923
0 0.085 0.9106628242074928 0.13666666666666666 0.9596541786743515
0 0.07166666666666667 0.9654178674351584 0.15166666666666667 0.9855907780979827
0 0.5666666666666667 0.8040345821325648 0.64 0.9077809798270894
0 0.7916666666666666 0.7492795389048992 0.8733333333333333 0.8876080691642652
0 0.885 0.5734870317002881 0.9216666666666666 0.6195965417867435
0 0.645 0.1239193083573487 0.7066666666666667 0.16714697406340057
0 0.6533333333333333 0.09221902017291066 0.715 0.12680115273775217
0 0.355 0.6023054755043228 0.405 0.6512968299711815
0 0.21 0.7406340057636888 0.29 0.8386167146974063
0 0.19333333333333333 0.5648414985590778 0.25 0.622478386167147
0 0.3383333333333333 0.7146974063400576 0.395 0.8069164265129684
0 0.06333333333333334 0.8328530259365994 0.14166666666666666 0.8818443804034583
0 0.5666666666666667 0.7406340057636888 0.6216666666666667 0.8587896253602305
0 0.215 0.4092219020172911 0.265 0.5389048991354467
