0 0.27525057825751736 0.4316546762589928 0.5042405551272167 0.5334018499486125
0 0.5420200462606014 0.3062692702980473 0.599845797995374 0.32579650565262075
0 0.700077101002313 0.31654676258992803 0.7548188126445644 0.33093525179856115
0 0.8650732459521974 0.30421377183967113 0.9228989976869699 0.3227132579650565
0 0.51272166538165 0.5354573484069887 0.5952197378565921 0.6166495375128469
0 0.6700077101002313 0.5292908530318602 0.7586738627602159 0.605344295991778
0 0.8404009252120278 0.5303186022610483 0.9290670778720124 0.6104830421377184
0 0.5088666152659984 0.6392600205549845 0.6391673091750193 0.6813977389516958
0 0.6738627602158828 0.6269270298047277 0.7918272937548189 0.6649537512846866
0 0.8342328450269854 0.632065775950668 0.9599074787972244 0.6731757451181911
