0 0.3427734375 0.10243055555555555 0.357421875 0.1388888888888889
0 0.4365234375 0.7725694444444444 0.4921875 0.8888888888888888
0 0.4306640625 0.8715277777777778 0.490234375 0.9288194444444444
0 0.5478515625 0.703125 0.5859375 0.7413194444444444
0 0.6416015625 0.7447916666666666 0.6865234375 0.7829861111111112
0 0.755859375 0.796875 0.8095703125 0.84375
0 0.8984375 0.859375 0.96875 0.9149305555555556
0 0.869140625 0.8385416666666666 0.8974609375 0.8836805555555556
0 0.732421875 0.78125 0.7578125 0.8159722222222222
0 0.6220703125 0.734375 0.642578125 0.7708333333333334
0 0.5302734375 0.6927083333333334 0.546875 0.7291666666666666
0 0.353515625 0.21006944444444445 0.4052734375 0.24479166666666666
