0 0.7872340425531915 0.07 0.9432624113475178 0.09375
0 0.04964539007092199 0.875 0.17907801418439717 0.905
0 0.22340425531914893 0.85125 0.3829787234042553 0.88
0 0.41843971631205673 0.885 0.5957446808510638 0.9125
0 0.6117021276595744 0.85625 0.774822695035461 0.89125
0 0.7712765957446809 0.8025 0.875886524822695 0.83
0 0.40602836879432624 0.68 0.45567375886524825 0.705
0 0.8776595744680851 0.86125 0.9450354609929078 0.89375
0 0.044326241134751775 0.73 0.08865248226950355 0.7425
0 0.2907801418439716 0.595 0.36347517730496454 0.60875
0 0.475177304964539 0.62625 0.5514184397163121 0.64
0 0.6524822695035462 0.60125 0.7216312056737588 0.61625
0 0.776595744680851 0.5575 0.8138297872340425 0.57
0 0.8333333333333334 0.615 0.8723404255319149 0.6275
0 0.925531914893617 0.71375 0.9485815602836879 0.72625
0 0.12056737588652482 0.62125 0.18617021276595744 0.635
0 0.20390070921985815 0.5125 0.24468085106382978 0.52625
0 0.29432624113475175 0.455 0.3546099290780142 0.46625
0 0.41843971631205673 0.43375 0.48936170212765956 0.44625
0 0.6471631205673759 0.46625 0.7109929078014184 0.47875
0 0.601063829787234 0.35375 0.6312056737588653 0.3675
0 0.5585106382978723 0.53125 0.5868794326241135 0.54375
0 0.41843971631205673 0.80875 0.4946808510638298 0.87125
0 0.6152482269503546 0.785 0.6985815602836879 0.84375
0 0.22872340425531915 0.775 0.28191489361702127 0.8375
0 0.7801418439716312 0.7325 0.8475177304964538 0.78875
