0 0.21159420289855072 0.23272727272727273 0.2826086956521739 0.32727272727272727
0 0.4217391304347826 0.23454545454545456 0.4956521739130435 0.32
0 0.21304347826086956 0.5981818181818181 0.28695652173913044 0.6909090909090909
0 0.43768115942028984 0.5054545454545455 0.5057971014492754 0.5945454545454546
0 0.43478260869565216 0.6181818181818182 0.5014492753623189 0.6836363636363636
0 0.636231884057971 0.5036363636363637 0.6971014492753623 0.5927272727272728
0 0.8202898550724638 0.23636363636363636 0.8855072463768116 0.32545454545454544
0 0.6246376811594203 0.23454545454545456 0.6927536231884058 0.3145454545454546
0 0.13768115942028986 0.3654545454545455 0.1782608695652174 0.4527272727272727
0 0.5463768115942029 0.45636363636363636 0.6072463768115942 0.4709090909090909
0 0.6405797101449275 0.610909090909091 0.7 0.6727272727272727
