0 0.183739837398374 0.5061124694376528 0.23252032520325203 0.5378973105134475
0 0.0016260162601626016 0.508557457212714 0.16747967479674797 0.5745721271393643
0 0.8845528455284553 0.7750611246943765 0.9804878048780488 0.8875305623471883
0 0.7300813008130081 0.5256723716381418 0.8260162601626017 0.6479217603911981
0 0.4016260162601626 0.4278728606356968 0.44715447154471544 0.4669926650366748
0 0.28292682926829266 0.6136919315403423 0.36097560975609755 0.6577017114914425
0 0.4894308943089431 0.7383863080684596 0.5447154471544715 0.7775061124694377
0 0.3073170731707317 0.39364303178484106 0.37886178861788616 0.48166259168704156
0 0.47479674796747967 0.33985330073349634 0.5252032520325203 0.4156479217603912
0 0.6276422764227643 0.4132029339853301 0.7073170731707317 0.5378973105134475
0 0.6634146341463415 0.7970660146699267 0.7495934959349594 0.8777506112469438
0 0.32195121951219513 0.7555012224938875 0.416260162601626 0.8092909535452323
0 0.027642276422764227 0.6454767726161369 0.11219512195121951 0.6919315403422983
0 0.03577235772357724 0.7750611246943765 0.10894308943089431 0.8557457212713936
