0 0.318 0.4075 0.3535 0.45
0 0.23 0.403 0.2625 0.4425
0 0.5505 0.4095 0.588 0.449
0 0.7595 0.399 0.7895 0.44
0 0.19 0.61 0.233 0.6555
0 0.303 0.6505 0.3465 0.692
0 0.4165 0.684 0.4625 0.723
0 0.1595 0.719 0.2 0.7585
0 0.2695 0.753 0.311 0.7925
0 0.379 0.7865 0.4245 0.8275
0 0.314 0.526 0.35 0.569
0 0.426 0.5315 0.4655 0.571
0 0.545 0.5285 0.583 0.5705
0 0.6575 0.5245 0.6925 0.5655
0 0.7585 0.5155 0.7895 0.5575
0 0.5395 0.646 0.575 0.688
0 0.6515 0.6395 0.6855 0.68
0 0.756 0.6305 0.7895 0.673
0 0.533 0.7585 0.569 0.795
0 0.6435 0.753 0.6815 0.79
0 0.7475 0.742 0.78 0.7805
0 0.24 0.5125 0.263 0.5535
