0 0.13788819875776398 0.23659305993690852 0.17515527950310558 0.3186119873817035
0 0.3018633540372671 0.17981072555205047 0.37267080745341613 0.3186119873817035
0 0.5080745341614907 0.23659305993690852 0.5440993788819876 0.3186119873817035
0 0.5962732919254659 0.22397476340694006 0.6472049689440994 0.334384858044164
0 0.8807453416149068 0.22712933753943218 0.929192546583851 0.334384858044164
0 0.2186335403726708 0.28391167192429023 0.2819875776397516 0.3280757097791798
0 0.3987577639751553 0.28391167192429023 0.4645962732919255 0.3217665615141956
0 0.2708074534161491 0.3722397476340694 0.4248447204968944 0.42902208201892744
0 0.653416149068323 0.23659305993690852 0.8732919254658386 0.31230283911671924
0 0.02732919254658385 0.4037854889589905 0.08695652173913043 0.4479495268138801
