0 0.815 0.21524064171122995 1.0 0.5374331550802139
0 0.6516666666666666 0.27807486631016043 0.6933333333333334 0.30080213903743314
0 0.695 0.27807486631016043 0.7091666666666666 0.2994652406417112
0 0.48083333333333333 0.2994652406417112 0.5108333333333334 0.3195187165775401
0 0.2658333333333333 0.2994652406417112 0.295 0.3195187165775401
0 0.295 0.2994652406417112 0.30583333333333335 0.31684491978609625
0 0.27166666666666667 0.6122994652406417 0.285 0.6336898395721925
0 0.39916666666666667 0.2994652406417112 0.42083333333333334 0.31283422459893045
0 0.4225 0.29812834224598933 0.42916666666666664 0.31283422459893045
0 0.36583333333333334 0.303475935828877 0.37333333333333335 0.31684491978609625
