0 0.0935483870967742 0.1318051575931232 0.1870967741935484 0.18624641833810887
0 0.2306451612903226 0.16332378223495703 0.30483870967741933 0.21203438395415472
0 0.35161290322580646 0.166189111747851 0.432258064516129 0.22349570200573066
0 0.45161290322580644 0.1318051575931232 0.5435483870967742 0.1833810888252149
0 0.5580645161290323 0.1318051575931232 0.6483870967741936 0.18624641833810887
0 0.6693548387096774 0.14326647564469913 0.7645161290322581 0.19197707736389685
0 0.7951612903225806 0.14040114613180515 0.8887096774193548 0.18911174785100288
0 0.11290322580645161 0.6332378223495702 0.19516129032258064 0.6819484240687679
0 0.24838709677419354 0.6361031518624641 0.32903225806451614 0.6848137535816619
0 0.3387096774193548 0.6332378223495702 0.4258064516129032 0.6848137535816619
0 0.45483870967741935 0.6303724928366762 0.5435483870967742 0.6819484240687679
0 0.5661290322580645 0.6361031518624641 0.6564516129032258 0.6848137535816619
0 0.667741935483871 0.6332378223495702 0.7564516129032258 0.6819484240687679
0 0.7967741935483871 0.6303724928366762 0.882258064516129 0.6819484240687679
0 0.1064516129032258 0.18051575931232092 0.16774193548387098 0.22349570200573066
0 0.2306451612903226 0.20630372492836677 0.27903225806451615 0.25501432664756446
0 0.18870967741935485 0.20916905444126074 0.2161290322580645 0.2492836676217765
0 0.36612903225806454 0.21203438395415472 0.42258064516129035 0.25787965616045844
0 0.4693548387096774 0.1833810888252149 0.5290322580645161 0.22636103151862463
0 0.567741935483871 0.18624641833810887 0.6241935483870967 0.22922636103151864
0 0.6854838709677419 0.19197707736389685 0.7467741935483871 0.23782234957020057
0 0.8096774193548387 0.18911174785100288 0.8725806451612903 0.23209169054441262
0 0.8145161290322581 0.6790830945558739 0.8758064516129033 0.7220630372492837
0 0.6790322580645162 0.6848137535816619 0.7403225806451613 0.7306590257879656
0 0.5790322580645161 0.6876790830945558 0.635483870967742 0.7249283667621776
0 0.47096774193548385 0.6848137535816619 0.5306451612903226 0.7220630372492837
0 0.3467741935483871 0.6848137535816619 0.40161290322580645 0.7220630372492837
0 0.2693548387096774 0.6876790830945558 0.3241935483870968 0.7249283667621776
0 0.11451612903225807 0.6819484240687679 0.1693548387096774 0.7249283667621776
