0 0.7960069444444444 0.49114583333333334 0.8197916666666667 0.5114583333333333
0 0.6777777777777778 0.7244791666666667 0.6975694444444445 0.76328125
0 0.3914930555555556 0.7005208333333334 0.41475694444444444 0.7408854166666666
0 0.7567708333333333 0.6421875 0.7736111111111111 0.6513020833333333
0 0.7522569444444445 0.7627604166666667 0.7623263888888889 0.77109375
0 0.7982638888888889 0.8026041666666667 0.8100694444444444 0.8125
0 0.7342013888888889 0.58515625 0.7463541666666667 0.59140625
0 0.7498263888888889 0.5854166666666667 0.7619791666666667 0.5919270833333333
0 0.7677083333333333 0.5869791666666667 0.7802083333333333 0.5932291666666667
0 0.7897569444444444 0.5955729166666667 0.8015625 0.6020833333333333
0 0.7984375 0.5828125 0.8104166666666667 0.5890625
0 0.7713541666666667 0.7549479166666667 0.7842013888888889 0.7609375
0 0.7833333333333333 0.7528645833333333 0.7951388888888888 0.7578125
