0 0.7408854166666666 0.078125 0.7962239583333334 0.24267578125
0 0.533203125 0.00048828125 0.57421875 0.14404296875
0 0.2571614583333333 0.18359375 0.279296875 0.29931640625
0 0.3971354166666667 0.49853515625 0.6588541666666666 0.564453125
0 0.6575520833333334 0.5048828125 0.9010416666666666 0.55517578125
0 0.0078125 0.50634765625 0.14518229166666666 0.55712890625
0 0.18033854166666666 0.515625 0.2708333333333333 0.55078125
0 0.9010416666666666 0.52099609375 0.9720052083333334 0.54443359375
0 0.19596354166666666 0.4306640625 0.2708333333333333 0.48828125
0 0.031901041666666664 0.3818359375 0.142578125 0.4638671875
0 0.4270833333333333 0.330078125 0.5865885416666666 0.4443359375
0 0.6673177083333334 0.38720703125 0.7779947916666666 0.47314453125
