0 0.2089041095890411 0.45483528161530284 0.2283818493150685 0.5430393198724761
0 0.3488869863013699 0.48459086078639746 0.4231592465753425 0.5515409139213603
0 0.908818493150685 0.23804463336875664 0.9225171232876712 0.4824654622741764
0 0.015196917808219178 0.8087141339001063 0.01797945205479452 0.822529224229543
0 0.061001712328767124 0.8044633368756642 0.0644263698630137 0.8182784272051009
0 0.10102739726027397 0.8055260361317748 0.10402397260273973 0.8214665249734325
0 0.1427654109589041 0.8097768331562167 0.1461900684931507 0.8214665249734325
0 0.1872859589041096 0.8087141339001063 0.1913527397260274 0.822529224229543
0 0.2403681506849315 0.8055260361317748 0.2442208904109589 0.8182784272051009
0 0.2945205479452055 0.7970244420828906 0.2981592465753425 0.8119022316684378
0 0.3435359589041096 0.7917109458023379 0.347388698630137 0.8055260361317748
0 0.3976883561643836 0.7874601487778958 0.4006849315068493 0.7991498405951116
0 0.897902397260274 0.8459086078639745 0.901541095890411 0.8597236981934112
0 0.853167808219178 0.844845908607864 0.8565924657534246 0.8575982996811902
