0 0.4025 0.03666666666666667 0.44625 0.105
0 0.645 0.051666666666666666 0.71125 0.095
0 0.72625 0.05 0.755 0.08333333333333333
0 0.77125 0.03833333333333333 0.8125 0.08333333333333333
0 0.83375 0.03833333333333333 0.875 0.08833333333333333
0 0.82 0.08833333333333333 0.89 0.10333333333333333
0 0.91375 0.03833333333333333 0.94625 0.08
0 0.895 0.08333333333333333 0.97125 0.105
0 0.59625 0.03666666666666667 0.63 0.08333333333333333
0 0.46875 0.04 0.51125 0.10333333333333333
0 0.19625 0.48333333333333334 0.24375 0.545
