0 0.08076923076923077 0.05435897435897436 0.1576923076923077 0.09538461538461539
0 0.19384615384615383 0.11487179487179487 0.25461538461538463 0.1517948717948718
0 0.3576923076923077 0.0010256410256410256 0.39076923076923076 0.027692307692307693
0 0.5338461538461539 0.20205128205128206 0.5715384615384616 0.2246153846153846
0 0.6223076923076923 0.21333333333333335 0.6546153846153846 0.23384615384615384
0 0.683076923076923 0.21743589743589745 0.713076923076923 0.23897435897435898
0 0.7815384615384615 0.24 0.8107692307692308 0.25846153846153846
0 0.07 0.5343589743589744 0.14615384615384616 0.5661538461538461
0 0.19923076923076924 0.48923076923076925 0.2623076923076923 0.5158974358974359
0 0.2561538461538462 0.3415384615384615 0.29923076923076924 0.36205128205128206
0 0.41923076923076924 0.4748717948717949 0.4546153846153846 0.49128205128205127
0 0.5269230769230769 0.4882051282051282 0.5638461538461539 0.5076923076923077
0 0.4869230769230769 0.4841025641025641 0.5107692307692308 0.5025641025641026
0 0.6130769230769231 0.47692307692307695 0.6484615384615384 0.49743589743589745
0 0.6807692307692308 0.49948717948717947 0.7107692307692308 0.517948717948718
0 0.7753846153846153 0.4676923076923077 0.8046153846153846 0.48205128205128206
0 0.07384615384615385 0.9435897435897436 0.12615384615384614 0.9743589743589743
0 0.14923076923076922 0.916923076923077 0.19076923076923077 0.9466666666666667
0 0.19538461538461538 0.877948717948718 0.2523076923076923 0.9097435897435897
0 0.26 0.8543589743589743 0.3069230769230769 0.8851282051282051
0 0.3230769230769231 0.8317948717948718 0.3630769230769231 0.8605128205128205
0 0.3630769230769231 0.8174358974358974 0.4076923076923077 0.8471794871794872
0 0.43923076923076926 0.7876923076923077 0.47384615384615386 0.8112820512820513
0 0.5015384615384615 0.7815384615384615 0.5315384615384615 0.8051282051282052
0 0.536923076923077 0.7702564102564102 0.5623076923076923 0.7907692307692308
0 0.5746153846153846 0.7487179487179487 0.6030769230769231 0.764102564102564
0 0.6376923076923077 0.7456410256410256 0.6607692307692308 0.762051282051282
0 0.6646153846153846 0.7364102564102564 0.69 0.7528205128205128
0 0.7984615384615384 0.6943589743589743 0.8184615384615385 0.7076923076923077
0 0.7484615384615385 0.7158974358974359 0.7684615384615384 0.7302564102564103
0 0.4084615384615385 0.8882051282051282 0.41923076923076924 0.9497435897435897
0 0.7023076923076923 0.7558974358974359 0.72 0.7712820512820513
0 0.7307692307692307 0.7671794871794871 0.7461538461538462 0.7815384615384615
0 0.8315384615384616 0.6902564102564103 0.8492307692307692 0.7015384615384616
0 0.8507692307692307 0.683076923076923 0.8723076923076923 0.6933333333333334
0 0.7723076923076924 0.7107692307692308 0.79 0.7220512820512821
0 0.7523076923076923 0.25333333333333335 0.7669230769230769 0.26666666666666666
0 0.26692307692307693 0.0010256410256410256 0.31076923076923074 0.013333333333333334
