0 0.8291015625 0.532258064516129 0.8466796875 0.5777126099706745
0 0.6689453125 0.5498533724340176 0.767578125 0.5747800586510264
0 0.6318359375 0.39002932551319647 0.794921875 0.43255131964809385
0 0.697265625 0.4178885630498534 0.8515625 0.4809384164222874
0 0.798828125 0.49266862170087977 0.8388671875 0.5293255131964809
0 0.4619140625 0.2653958944281525 0.5439453125 0.2859237536656892
0 0.271484375 0.3841642228739003 0.3818359375 0.5131964809384164
0 0.185546875 0.36656891495601174 0.2666015625 0.41642228739002934
0 0.1123046875 0.4002932551319648 0.146484375 0.4413489736070381
0 0.4736328125 0.44868035190615835 0.5263671875 0.4941348973607038
0 0.060546875 0.26099706744868034 0.087890625 0.2903225806451613
0 0.400390625 0.4222873900293255 0.4599609375 0.46187683284457476
0 0.39453125 0.5043988269794721 0.4365234375 0.5410557184750733
