0 0.42430555555555555 0.27990708478513354 0.4625 0.31823461091753774
0 0.5680555555555555 0.2938443670150987 0.5888888888888889 0.32984901277584205
0 0.5263888888888889 0.586527293844367 0.5534722222222223 0.6016260162601627
0 0.29930555555555555 0.6585365853658537 0.33611111111111114 0.6980255516840883
0 0.4076388888888889 0.2938443670150987 0.4236111111111111 0.32171893147502906
0 0.28125 0.6504065040650406 0.2972222222222222 0.686411149825784
0 0.5125 0.5842044134727061 0.5243055555555556 0.6027874564459931
0 0.5576388888888889 0.2845528455284553 0.5694444444444444 0.3159117305458769
0 0.30416666666666664 0.45063879210220675 0.3375 0.47851335656213706
0 0.7256944444444444 0.5168408826945412 0.7458333333333333 0.5331010452961672
