0 0.15471698113207547 0.40214477211796246 0.21509433962264152 0.4168900804289544
0 0.3622641509433962 0.40482573726541554 0.4226415094339623 0.4155495978552279
0 0.7754716981132076 0.403485254691689 0.839622641509434 0.41420911528150134
0 0.11886792452830189 0.5764075067024129 0.25660377358490566 0.5978552278820375
0 0.32452830188679244 0.5710455764075067 0.4641509433962264 0.6005361930294906
0 0.7415094339622641 0.5737265415549598 0.8811320754716981 0.6018766756032171
0 0.7679245283018868 0.9101876675603218 0.9490566037735849 0.9343163538873994
0 0.12264150943396226 0.5227882037533512 0.1830188679245283 0.5656836461126006
0 0.3320754716981132 0.5241286863270778 0.3886792452830189 0.5656836461126006
0 0.7452830188679245 0.5241286863270778 0.8056603773584906 0.564343163538874
