0 0.2025 0.0825 0.3875 0.1325
0 0.515 0.085 0.6925 0.1325
0 0.2175 0.2575 0.2825 0.275
0 0.215 0.335 0.28 0.3475
0 0.2175 0.4125 0.275 0.4275
0 0.215 0.49 0.275 0.505
0 0.2125 0.565 0.275 0.58
0 0.2125 0.64 0.275 0.66
0 0.3675 0.2575 0.42 0.275
0 0.365 0.3325 0.425 0.3475
0 0.365 0.41 0.4225 0.4275
0 0.3625 0.4875 0.425 0.505
0 0.365 0.5625 0.42 0.58
0 0.365 0.64 0.4225 0.6575
0 0.525 0.2575 0.585 0.275
0 0.5275 0.3325 0.585 0.35
0 0.525 0.41 0.585 0.425
0 0.525 0.4875 0.5825 0.505
0 0.525 0.5625 0.5825 0.58
0 0.5225 0.64 0.5825 0.66
0 0.675 0.2575 0.7325 0.2725
0 0.675 0.3325 0.735 0.35
0 0.675 0.4075 0.735 0.425
0 0.6775 0.4875 0.73 0.5075
0 0.675 0.5625 0.7375 0.58
0 0.6725 0.645 0.7325 0.66
