0 0.7313953488372092 0.0375 0.8267441860465117 0.11875
0 0.827906976744186 0.05625 0.8953488372093024 0.128125
0 0.8651162790697674 0.26875 0.9 0.31875
0 0.85 0.325 0.9093023255813953 0.353125
0 0.9151162790697674 0.265625 0.9441860465116279 0.3
0 0.9546511627906977 0.26875 0.9825581395348837 0.3
0 0.7593023255813953 0.2625 0.8 0.2875
0 0.7046511627906977 0.25625 0.7383720930232558 0.2875
0 0.7255813953488373 0.703125 0.7895348837209303 0.76875
0 0.0011627906976744186 0.609375 0.03953488372093023 0.6625
0 0.01627906976744186 0.384375 0.09651162790697675 0.45625
0 0.0034883720930232558 0.30625 0.031395348837209305 0.359375
0 0.030232558139534883 0.325 0.09883720930232558 0.3625
0 0.046511627906976744 0.21875 0.1511627906976744 0.303125
0 0.386046511627907 0.003125 0.5151162790697674 0.109375
0 0.5197674418604651 0.0125 0.6139534883720931 0.109375
0 0.20813953488372092 0.46875 0.2755813953488372 0.540625
0 0.18372093023255814 0.271875 0.37209302325581395 0.471875
0 0.3941860465116279 0.459375 0.45348837209302323 0.509375
0 0.34186046511627904 0.6125 0.4325581395348837 0.71875
0 0.32558139534883723 0.684375 0.46744186046511627 0.76875
0 0.8604651162790697 0.903125 0.9790697674418605 0.978125
0 0.9383720930232559 0.76875 0.9883720930232558 0.821875
0 0.8162790697674419 0.534375 0.877906976744186 0.621875
0 0.5883720930232558 0.421875 0.6127906976744186 0.4875
