0 0.4099709583736689 0.3103953147877013 0.4165053242981607 0.328696925329429
0 0.43901258470474347 0.287701317715959 0.44675701839303 0.31112737920937045
0 0.45716360116166505 0.5183016105417276 0.46563407550822844 0.5263543191800878
0 0.20498547918683446 0.35212298682284043 0.2095837366892546 0.36530014641288433
0 0.44699903194578894 0.31991215226939973 0.45450145208131654 0.328696925329429
0 0.4378025169409487 0.35724743777452417 0.4443368828654405 0.36530014641288433
0 0.45595353339787026 0.328696925329429 0.4639399806389158 0.33455344070278187
0 0.46515004840271057 0.35724743777452417 0.4724104549854792 0.36530014641288433
0 0.5677637947725073 0.3279648609077599 0.5805905130687319 0.3484626647144949
0 0.6060019361084221 0.32210834553440704 0.6227008712487899 0.34699853587115664
0 0.6771539206195547 0.31112737920937045 0.6982090997095838 0.3389458272327965
0 0.7628267182962246 0.3089311859443631 0.7855759922555663 0.3374816983894583
0 0.8753630203291385 0.4363103953147877 0.883349467570184 0.4494875549048316
0 0.7011132623426912 0.6339677891654466 0.7083736689254598 0.6471449487554904
0 0.6781219748305906 0.6339677891654466 0.6851403678606002 0.6456808199121523
