0 0.195 0.575 0.23875 0.6416666666666667
0 0.2925 0.035 0.33875 0.1
0 0.54875 0.04 0.58125 0.08
0 0.3575 0.04 0.39875 0.09833333333333333
0 0.59875 0.051666666666666666 0.6625 0.08833333333333333
0 0.67875 0.04833333333333333 0.70875 0.08333333333333333
0 0.7375 0.041666666666666664 0.76 0.07833333333333334
0 0.7775 0.03833333333333333 0.81875 0.08333333333333333
0 0.83875 0.035 0.8825 0.08666666666666667
0 0.8275 0.08833333333333333 0.8975 0.10666666666666667
0 0.8975 0.03666666666666667 0.96 0.10333333333333333
