0 0.5706106870229007 0.023728813559322035 0.7480916030534351 0.3152542372881356
0 0.6717557251908397 0.43050847457627117 0.7614503816793893 0.5050847457627119
0 0.5400763358778626 0.6271186440677966 0.5801526717557252 0.6949152542372882
0 0.17938931297709923 0.003389830508474576 0.23282442748091603 0.07457627118644068
0 0.26908396946564883 0.1864406779661017 0.31679389312977096 0.2847457627118644
0 0.16603053435114504 0.23728813559322035 0.22519083969465647 0.46779661016949153
0 0.3015267175572519 0.46779661016949153 0.3568702290076336 0.5932203389830508
0 0.14122137404580154 0.847457627118644 0.17557251908396945 1.0
0 0.24045801526717558 0.38305084745762713 0.28435114503816794 0.5152542372881356
0 0.19274809160305342 0.8406779661016949 0.21564885496183206 0.9627118644067797
0 0.601145038167939 0.5932203389830508 0.6202290076335878 0.6406779661016949
0 0.5973282442748091 0.7220338983050848 0.6412213740458015 0.8169491525423729
0 0.5229007633587787 0.6 0.5438931297709924 0.6338983050847458
0 0.732824427480916 0.5796610169491525 0.7595419847328244 0.6271186440677966
0 0.7652671755725191 0.44745762711864406 0.7919847328244275 0.5186440677966102
