0 0.4792626728110599 0.1076923076923077 0.511520737327189 0.12923076923076923
0 0.6359447004608295 0.12923076923076923 0.6566820276497696 0.1476923076923077
0 0.7327188940092166 0.24 0.771889400921659 0.2676923076923077
0 0.3824884792626728 0.09846153846153846 0.4009216589861751 0.11384615384615385
0 0.14055299539170507 0.23692307692307693 0.18433179723502305 0.26461538461538464
0 0.4377880184331797 0.23384615384615384 0.4792626728110599 0.26153846153846155
0 0.7211981566820277 0.28923076923076924 0.7465437788018433 0.3076923076923077
0 0.7880184331797235 0.28923076923076924 0.8133640552995391 0.3076923076923077
0 0.7857142857142857 0.5784615384615385 0.815668202764977 0.5969230769230769
0 0.5 0.3415384615384615 0.5276497695852534 0.36
0 0.4216589861751152 0.3507692307692308 0.4447004608294931 0.3723076923076923
0 0.5 0.27384615384615385 0.5207373271889401 0.2923076923076923
0 0.1175115207373272 0.28307692307692306 0.14285714285714285 0.3046153846153846
0 0.423963133640553 0.5815384615384616 0.4539170506912442 0.5969230769230769
0 0.1313364055299539 0.5230769230769231 0.15207373271889402 0.5415384615384615
0 0.4976958525345622 0.7938461538461539 0.5299539170506913 0.8153846153846154
0 0.5714285714285714 0.7876923076923077 0.6105990783410138 0.8123076923076923
0 0.6451612903225806 0.6523076923076923 0.6797235023041475 0.6738461538461539
0 0.6474654377880185 0.5846153846153846 0.6705069124423964 0.6061538461538462
0 0.5737327188940092 0.5815384615384616 0.5990783410138248 0.5969230769230769
0 0.20046082949308755 0.52 0.21658986175115208 0.5353846153846153
