0 0.6407942238267148 0.6777777777777778 0.7707581227436823 0.7444444444444445
0 0.5884476534296029 0.22777777777777777 0.6119133574007221 0.3074074074074074
0 0.6859205776173285 0.18888888888888888 0.7075812274368231 0.2462962962962963
0 0.8104693140794224 0.09444444444444444 0.851985559566787 0.15555555555555556
0 0.4693140794223827 0.6759259259259259 0.5974729241877257 0.7685185185185185
0 0.592057761732852 0.32407407407407407 0.6155234657039711 0.37962962962962965
0 0.6931407942238267 0.25925925925925924 0.7184115523465704 0.32222222222222224
0 0.8411552346570397 0.1814814814814815 0.8736462093862816 0.24814814814814815
0 0.6841155234657039 0.16111111111111112 0.7057761732851986 0.18703703703703703
0 0.7996389891696751 0.06666666666666667 0.8231046931407943 0.09444444444444444
0 0.7725631768953068 0.674074074074074 0.8158844765342961 0.75
