0 0.06748466257668712 0.10526315789473684 0.09355828220858896 0.3082706766917293
0 0.23159509202453987 0.10275689223057644 0.25766871165644173 0.3057644110275689
0 0.4003067484662577 0.10275689223057644 0.42484662576687116 0.3107769423558897
0 0.5705521472392638 0.10025062656641603 0.5920245398773006 0.3132832080200501
0 0.7377300613496932 0.10526315789473684 0.7607361963190185 0.3082706766917293
0 0.9095092024539877 0.10275689223057644 0.9340490797546013 0.3082706766917293
0 0.027607361963190184 0.7644110275689223 0.1303680981595092 0.8020050125313283
0 0.19478527607361965 0.7669172932330827 0.29754601226993865 0.8070175438596491
0 0.3588957055214724 0.7644110275689223 0.4647239263803681 0.8045112781954887
0 0.5260736196319018 0.7644110275689223 0.6319018404907976 0.8045112781954887
0 0.6947852760736196 0.7644110275689223 0.8021472392638037 0.8070175438596491
0 0.8680981595092024 0.7644110275689223 0.9723926380368099 0.8020050125313283
