0 0.6479750778816199 0.33035714285714285 0.6682242990654206 0.5059523809523809
0 0.7305295950155763 0.4375 0.7429906542056075 0.5684523809523809
0 0.5389408099688473 0.49404761904761907 0.5514018691588785 0.6011904761904762
0 0.40498442367601245 0.5238095238095238 0.4143302180685358 0.6220238095238095
0 0.6199376947040498 0.8988095238095238 0.6993769470404985 0.9375
0 0.7118380062305296 0.8541666666666666 0.7679127725856698 0.8809523809523809
0 0.822429906542056 0.8273809523809523 0.867601246105919 0.8452380952380952
0 0.5186915887850467 0.8333333333333334 0.5716510903426791 0.8601190476190477
0 0.839563862928349 0.5059523809523809 0.8520249221183801 0.6279761904761905
0 0.3878504672897196 0.8214285714285714 0.43302180685358255 0.8452380952380952
0 0.43613707165109034 0.8154761904761905 0.4688473520249221 0.8333333333333334
0 0.4470404984423676 0.5505952380952381 0.45794392523364486 0.6369047619047619
