0 0.028333333333333332 0.17166666666666666 0.38333333333333336 0.32
0 0.011666666666666667 0.016666666666666666 0.18333333333333332 0.075
0 0.1 0.02 0.165 0.04
0 0.46166666666666667 0.3 0.5633333333333334 0.5433333333333333
0 0.47 0.30333333333333334 0.5066666666666667 0.40166666666666667
0 0.785 0.485 0.9216666666666666 0.5533333333333333
0 0.16 0.5533333333333333 0.36666666666666664 0.6366666666666667
0 0.2816666666666667 0.5583333333333333 0.365 0.585
0 0.15166666666666667 0.685 0.2816666666666667 0.7466666666666667
0 0.475 0.615 0.6383333333333333 0.69
0 0.7816666666666666 0.8883333333333333 0.9683333333333334 0.9416666666666667
0 0.7666666666666667 0.345 0.9366666666666666 0.41
0 0.87 0.3466666666666667 0.94 0.37166666666666665
