0 0.6167471819645732 0.3357487922705314 0.6714975845410628 0.3647342995169082
0 0.6183574879227053 0.39371980676328505 0.6714975845410628 0.42028985507246375
0 0.6215780998389694 0.4420289855072464 0.6747181964573269 0.4758454106280193
0 0.6199677938808373 0.4975845410628019 0.6714975845410628 0.5289855072463768
0 0.7020933977455717 0.3188405797101449 0.784219001610306 0.35507246376811596
0 0.714975845410628 0.38164251207729466 0.8003220611916264 0.4251207729468599
0 0.7181964573268921 0.4468599033816425 0.8035426731078905 0.48792270531400966
0 0.7133655394524959 0.5120772946859904 0.7971014492753623 0.5531400966183575
0 0.8695652173913043 0.5289855072463768 0.9838969404186796 0.5821256038647343
0 0.8695652173913043 0.45652173913043476 0.9871175523349437 0.5048309178743962
0 0.8711755233494364 0.37922705314009664 0.9887278582930756 0.427536231884058
0 0.8647342995169082 0.30193236714975846 0.9806763285024155 0.3526570048309179
0 0.5185185185185185 0.606280193236715 0.573268921095008 0.644927536231884
0 0.46215780998389694 0.5917874396135265 0.500805152979066 0.6231884057971014
0 0.4492753623188406 0.4782608695652174 0.4943639291465378 0.5048309178743962
0 0.6199677938808373 0.6328502415458938 0.6892109500805152 0.6811594202898551
0 0.6151368760064412 0.6908212560386473 0.6876006441223832 0.7463768115942029
0 0.6151368760064412 0.7536231884057971 0.6843800322061192 0.8091787439613527
0 0.748792270531401 0.6859903381642513 0.8260869565217391 0.7246376811594203
0 0.7471819645732689 0.7270531400966184 0.8196457326892109 0.7729468599033816
0 0.7455716586151369 0.7777777777777778 0.8164251207729468 0.8285024154589372
0 0.7455716586151369 0.8260869565217391 0.8148148148148148 0.8768115942028986
0 0.8792270531400966 0.7801932367149759 0.9806763285024155 0.8381642512077294
0 0.8824476650563607 0.8405797101449275 0.9838969404186796 0.9009661835748792
0 0.8792270531400966 0.893719806763285 0.9774557165861514 0.961352657004831
0 0.8244766505636071 0.9082125603864735 0.8921095008051529 0.961352657004831
0 0.6199677938808373 0.5458937198067633 0.6618357487922706 0.5676328502415459
0 0.7342995169082126 0.20531400966183574 0.8132045088566827 0.24396135265700483
0 0.42028985507246375 0.9154589371980676 0.4557165861513688 0.9541062801932367
0 0.45088566827697263 0.40096618357487923 0.4943639291465378 0.427536231884058
0 0.573268921095008 0.9202898550724637 0.6183574879227053 0.9685990338164251
0 0.5152979066022544 0.7101449275362319 0.5700483091787439 0.7536231884057971
0 0.4927536231884058 0.9033816425120773 0.5281803542673108 0.9468599033816425
0 0.48792270531400966 0.8623188405797102 0.5297906602254429 0.8985507246376812
0 0.4927536231884058 0.9492753623188406 0.5297906602254429 0.9879227053140096
0 0.6199677938808373 0.8019323671497585 0.6634460547504025 0.8405797101449275
0 0.9114331723027376 0.057971014492753624 0.92914653784219 0.15458937198067632
0 0.391304347826087 0.538647342995169 0.428341384863124 0.5628019323671497
0 0.571658615136876 0.9710144927536232 0.6135265700483091 0.9975845410628019
0 0.428341384863124 0.8599033816425121 0.46215780998389694 0.8961352657004831
0 0.6183574879227053 0.27294685990338163 0.6602254428341385 0.2922705314009662
0 0.5297906602254429 0.6642512077294686 0.571658615136876 0.6980676328502415
