0 0.77890625 0.48651817116060964 0.87265625 0.5990621336459554
0 0.8015625 0.18640093786635403 0.8671875 0.4771395076201641
0 0.53125 0.2543962485345838 0.6390625 0.2895662368112544
0 0.48828125 0.2309495896834701 0.5265625 0.2977725674091442
0 0.59765625 0.7373974208675264 0.62421875 0.7749120750293084
0 0.6703125 0.7561547479484173 0.6953125 0.7936694021101993
0 0.52890625 0.716295427901524 0.5515625 0.7549824150058617
0 0.5921875 0.5134818288393904 0.61796875 0.5556858147713951
0 0.66484375 0.5252051582649473 0.6875 0.5720984759671747
0 0.52890625 0.5029308323563892 0.55078125 0.5439624853458382
