0 0.0575 0.22 0.1275 0.26666666666666666
0 0.1525 0.17333333333333334 0.2 0.23
0 0.26 0.16 0.3375 0.21
0 0.0025 0.23 0.0325 0.2966666666666667
0 0.3775 0.11 0.4575 0.17333333333333334
0 0.51 0.09 0.6025 0.15
0 0.635 0.03333333333333333 0.73 0.09666666666666666
0 0.765 0.03 0.8525 0.11666666666666667
0 0.1225 0.5033333333333333 0.21 0.63
0 0.0025 0.5166666666666667 0.0975 0.6366666666666667
0 0.2775 0.4666666666666667 0.3875 0.5966666666666667
0 0.4275 0.45666666666666667 0.52 0.5933333333333334
0 0.605 0.39666666666666667 0.73 0.5433333333333333
0 0.8125 0.39 0.9375 0.5366666666666666
