0 0.06382042253521127 0.15942028985507245 0.09110915492957747 0.2632850241545894
0 0.1131161971830986 0.08695652173913043 0.25308098591549294 0.21497584541062803
0 0.28389084507042256 0.0012077294685990338 0.36883802816901406 0.19082125603864733
0 0.02948943661971831 0.4758454106280193 0.04533450704225352 0.533816425120773
0 0.10871478873239436 0.463768115942029 0.13776408450704225 0.5169082125603864
0 0.1993838028169014 0.46859903381642515 0.21963028169014084 0.5241545893719807
0 0.24955985915492956 0.49033816425120774 0.28036971830985913 0.5362318840579711
0 0.33758802816901406 0.39855072463768115 0.3613556338028169 0.46618357487922707
0 0.4863556338028169 0.3647342995169082 0.5365316901408451 0.4420289855072464
0 0.6263204225352113 0.37681159420289856 0.6456866197183099 0.4492753623188406
0 0.6659330985915493 0.4227053140096618 0.6897007042253521 0.4782608695652174
0 0.7874119718309859 0.09178743961352658 0.8102992957746479 0.2222222222222222
0 0.8235035211267606 0.15942028985507245 0.8842429577464789 0.3115942028985507
0 0.883362676056338 0.2922705314009662 0.9141725352112676 0.38405797101449274
