0 0.39403620873269435 0.3446808510638298 1.0 1.0
0 0.039403620873269436 0.3404255319148936 0.45686900958466453 0.8425531914893617
0 0.01703940362087327 0.20212765957446807 0.08945686900958466 0.23617021276595745
0 0.18210862619808307 0.19574468085106383 0.22470713525026625 0.2297872340425532
0 0.6293929712460063 0.1829787234042553 0.6656017039403621 0.2127659574468085
0 0.7358892438764644 0.17872340425531916 0.7667731629392971 0.2127659574468085
0 0.8636847710330139 0.17872340425531916 0.9148029818956337 0.20851063829787234
0 0.9158679446219382 0.17659574468085107 0.9456869009584664 0.20851063829787234
0 0.8242811501597445 0.17659574468085107 0.8615548455804047 0.20851063829787234
0 0.5090521831735889 0.1829787234042553 0.5633652822151225 0.2148936170212766
