0 0.296875 0.3083765752409192 0.356875 0.3469236471460341
0 0.101875 0.4699777613046701 0.19625 0.507783543365456
0 0.246875 0.7190511489992587 0.321875 0.7776130467012602
0 0.470625 0.4907338769458858 0.54 0.541882876204596
0 0.565 0.653817642698295 0.6575 0.72646404744255
0 0.568125 0.3002223869532987 0.634375 0.34544106745737585
0 0.825625 0.6300963676797627 0.8925 0.6805040770941438
0 0.751875 0.4314306893995552 0.81375 0.4759080800593032
0 0.635625 0.3839881393624907 0.686875 0.396590066716086
0 0.800625 0.3587842846553002 0.861875 0.38917716827279464
0 0.868125 0.07561156412157154 0.915 0.10526315789473684
