0 0.19166666666666668 0.401330376940133 0.2866666666666667 0.5277161862527716
0 0.42833333333333334 0.35033259423503327 0.54 0.4124168514412417
0 0.745 0.4035476718403548 0.7816666666666666 0.5432372505543237
0 0.4066666666666667 0.1662971175166297 0.49333333333333335 0.25942350332594233
0 0.06333333333333334 0.23503325942350334 0.16833333333333333 0.401330376940133
0 0.24833333333333332 0.5631929046563193 0.3416666666666667 0.7605321507760532
0 0.22666666666666666 0.6740576496674058 0.30666666666666664 0.7871396895787139
0 0.7066666666666667 0.7782705099778271 0.7883333333333333 0.8580931263858093
0 0.7283333333333334 0.29046563192904656 0.8383333333333334 0.352549889135255
0 0.14666666666666667 0.7272727272727273 0.22666666666666666 0.7849223946784922
0 0.9083333333333333 0.8137472283813747 0.995 0.9135254988913526
0 0.0033333333333333335 0.2616407982261641 0.085 0.34146341463414637
0 0.35 0.13303769401330376 0.41 0.22394678492239467
0 0.855 0.45454545454545453 0.9066666666666666 0.5144124168514412
