0 0.21396396396396397 0.22085889570552147 0.3153153153153153 0.2607361963190184
0 0.6959459459459459 0.22085889570552147 0.7995495495495496 0.26380368098159507
0 0.6576576576576577 0.4110429447852761 0.7207207207207207 0.44171779141104295
0 0.6576576576576577 0.4815950920245399 0.722972972972973 0.50920245398773
0 0.6576576576576577 0.549079754601227 0.7252252252252253 0.5828220858895705
0 0.6599099099099099 0.6288343558282209 0.722972972972973 0.6595092024539877
0 0.17342342342342343 0.41411042944785276 0.240990990990991 0.4447852760736196
0 0.17342342342342343 0.5030674846625767 0.23873873873873874 0.5337423312883436
0 0.17342342342342343 0.598159509202454 0.23873873873873874 0.6257668711656442
0 0.17567567567567569 0.6840490797546013 0.23873873873873874 0.7177914110429447
