0 0.4793388429752066 0.5559006211180124 0.6859504132231405 0.6708074534161491
0 0.5475206611570248 0.4161490683229814 0.7892561983471075 0.5403726708074534
0 0.20867768595041322 0.5714285714285714 0.26239669421487605 0.5962732919254659
0 0.10743801652892562 0.5900621118012422 0.16942148760330578 0.6428571428571429
0 0.27892561983471076 0.32608695652173914 0.33264462809917356 0.35714285714285715
0 0.8161157024793388 0.3136645962732919 0.8636363636363636 0.3447204968944099
0 0.14669421487603307 0.09006211180124224 0.17768595041322313 0.12422360248447205
0 0.1487603305785124 0.18944099378881987 0.1797520661157025 0.2204968944099379
0 0.1487603305785124 0.2826086956521739 0.18181818181818182 0.3167701863354037
0 0.1487603305785124 0.38198757763975155 0.18388429752066116 0.4192546583850932
0 0.15289256198347106 0.4720496894409938 0.18388429752066116 0.5124223602484472
0 0.22107438016528927 0.13664596273291926 0.25413223140495866 0.17391304347826086
0 0.2231404958677686 0.2360248447204969 0.25826446280991733 0.2670807453416149
0 0.22520661157024793 0.32608695652173914 0.25413223140495866 0.36335403726708076
0 0.2231404958677686 0.043478260869565216 0.25413223140495866 0.07453416149068323
0 0.3760330578512397 0.422360248447205 0.4090909090909091 0.46273291925465837
0 0.378099173553719 0.32608695652173914 0.40702479338842973 0.36645962732919257
0 0.3760330578512397 0.22981366459627328 0.40702479338842973 0.2670807453416149
0 0.3739669421487603 0.13664596273291926 0.40702479338842973 0.17391304347826086
0 0.3760330578512397 0.040372670807453416 0.40702479338842973 0.07142857142857142
0 0.29958677685950413 0.08695652173913043 0.3305785123966942 0.13043478260869565
0 0.45041322314049587 0.08385093167701864 0.48140495867768596 0.12422360248447205
0 0.5289256198347108 0.034161490683229816 0.5578512396694215 0.07763975155279502
0 0.5289256198347108 0.13043478260869565 0.5619834710743802 0.17391304347826086
0 0.6033057851239669 0.08074534161490683 0.6363636363636364 0.11801242236024845
0 0.6074380165289256 0.17701863354037267 0.6363636363636364 0.21739130434782608
0 0.6818181818181818 0.2267080745341615 0.7148760330578512 0.2670807453416149
0 0.6838842975206612 0.13043478260869565 0.7169421487603306 0.16770186335403728
0 0.6838842975206612 0.031055900621118012 0.7128099173553719 0.07142857142857142
0 0.762396694214876 0.17391304347826086 0.7933884297520661 0.2204968944099379
0 0.762396694214876 0.07453416149068323 0.7913223140495868 0.11801242236024845
0 0.8388429752066116 0.027950310559006212 0.8698347107438017 0.06521739130434782
0 0.8388429752066116 0.12732919254658384 0.871900826446281 0.16770186335403728
0 0.9152892561983471 0.07453416149068323 0.9483471074380165 0.11180124223602485
0 0.9173553719008265 0.17701863354037267 0.9483471074380165 0.21428571428571427
0 0.9173553719008265 0.27639751552795033 0.9504132231404959 0.3167701863354037
0 0.4359504132231405 0.5683229813664596 0.45454545454545453 0.593167701863354
0 0.03512396694214876 0.6677018633540373 0.13636363636363635 0.7111801242236024
0 0.8739669421487604 0.468944099378882 0.9483471074380165 0.5031055900621118
0 0.493801652892562 0.2670807453416149 0.5103305785123967 0.2795031055900621
0 0.8698347107438017 0.27639751552795033 0.8842975206611571 0.2981366459627329
0 0.26239669421487605 0.2950310559006211 0.2830578512396694 0.30745341614906835
0 0.6735537190082644 0.2732919254658385 0.6880165289256198 0.2919254658385093
