0 0.8147512864493996 0.23717948717948717 0.8867924528301887 0.30128205128205127
0 0.9125214408233276 0.23397435897435898 0.9862778730703259 0.2980769230769231
0 0.7135506003430532 0.2467948717948718 0.7804459691252144 0.3108974358974359
0 0.4305317324185249 0.16025641025641027 0.49056603773584906 0.20833333333333334
0 0.6432246998284734 0.16987179487179488 0.6843910806174958 0.20833333333333334
0 0.7392795883361921 0.25 0.7770154373927959 0.27884615384615385
0 0.8576329331046312 0.23397435897435898 0.8867924528301887 0.266025641025641
0 0.9605488850771869 0.22756410256410256 0.9845626072041166 0.25961538461538464
0 0.012006861063464836 0.1858974358974359 0.08576329331046312 0.24358974358974358
0 0.1457975986277873 0.1955128205128205 0.25728987993138935 0.2564102564102564
0 0.7221269296740995 0.358974358974359 0.7718696397941681 0.4166666666666667
0 0.823327615780446 0.3557692307692308 0.8816466552315609 0.40705128205128205
0 0.9228130360205832 0.34615384615384615 0.9794168096054888 0.40384615384615385
