0 0.060546875 0.23932926829268292 0.1259765625 0.2942073170731707
0 0.197265625 0.23932926829268292 0.2568359375 0.3003048780487805
0 0.328125 0.24085365853658536 0.3876953125 0.2972560975609756
0 0.4599609375 0.23780487804878048 0.5205078125 0.30335365853658536
0 0.5947265625 0.23323170731707318 0.66015625 0.29878048780487804
0 0.7236328125 0.23932926829268292 0.787109375 0.3048780487804878
0 0.853515625 0.22560975609756098 0.9169921875 0.29115853658536583
0 0.0498046875 0.6676829268292683 0.1611328125 0.7408536585365854
0 0.1669921875 0.6615853658536586 0.2890625 0.7317073170731707
0 0.3037109375 0.6661585365853658 0.4228515625 0.7332317073170732
0 0.4306640625 0.6615853658536586 0.5478515625 0.7378048780487805
0 0.5771484375 0.6615853658536586 0.6943359375 0.7362804878048781
0 0.6953125 0.6646341463414634 0.8115234375 0.7408536585365854
0 0.8173828125 0.6615853658536586 0.9404296875 0.7378048780487805
