0 0.5166015625 0.5909090909090909 0.7275390625 0.7258064516129032
0 0.359375 0.7082111436950147 0.5244140625 0.8313782991202346
0 0.3837890625 0.23020527859237536 0.4609375 0.2697947214076246
0 0.5380859375 0.1598240469208211 0.6103515625 0.18914956011730205
0 0.126953125 0.44868035190615835 0.30859375 0.5733137829912024
0 0.083984375 0.3489736070381232 0.1826171875 0.4090909090909091
0 0.0185546875 0.5131964809384164 0.1064453125 0.5791788856304986
0 0.0634765625 0.6304985337243402 0.203125 0.7360703812316716
0 0.0029296875 0.7785923753665689 0.138671875 0.907624633431085
0 0.234375 0.001466275659824047 0.34375 0.17595307917888564
