0 0.583185053380783 0.5080789946140036 0.6846085409252669 0.547576301615799
0 0.45062277580071175 0.5134649910233393 0.5498220640569395 0.552064631956912
0 0.34208185053380785 0.5112208258527827 0.4332740213523132 0.5457809694793537
0 0.15791814946619218 0.505834829443447 0.2304270462633452 0.5354578096947935
0 0.25222419928825623 0.5112208258527827 0.322508896797153 0.5403949730700179
0 0.07517793594306049 0.5049371633752244 0.13612099644128114 0.533213644524237
0 0.0947508896797153 0.8339317773788151 0.16903914590747332 0.9039497307001796
0 0.7290925266903915 0.4757630161579892 0.8892348754448398 0.5489228007181328
0 0.18905693950177935 0.8464991023339318 0.30071174377224197 0.8976660682226212
0 0.17437722419928825 0.29533213644524237 0.4568505338078292 0.3868940754039497
