0 0.18 0.5316666666666666 0.21875 0.58
0 0.4025 0.04 0.44875 0.10166666666666667
0 0.465 0.04 0.51 0.1
0 0.595 0.03833333333333333 0.63125 0.08333333333333333
0 0.645 0.05333333333333334 0.71125 0.09333333333333334
0 0.72375 0.04833333333333333 0.755 0.08166666666666667
0 0.77125 0.035 0.81125 0.08666666666666667
0 0.83125 0.03666666666666667 0.87625 0.08666666666666667
0 0.81875 0.08333333333333333 0.88625 0.105
0 0.91375 0.03833333333333333 0.94875 0.08333333333333333
0 0.895 0.08333333333333333 0.96875 0.10666666666666667
