0 0.445 0.4915572232645403 0.49625 0.8630393996247655
0 0.77125 0.2776735459662289 0.85875 0.7579737335834896
0 0.54875 0.6566604127579737 0.58125 0.9474671669793621
0 0.23125 0.6472795497185742 0.2675 0.949343339587242
0 0.34375 0.6885553470919324 0.36625 0.9812382739212008
0 0.8175 0.43151969981238275 0.87125 0.5459662288930581
0 0.4575 0.3602251407129456 0.51625 0.4821763602251407
0 0.24125 0.5234521575984991 0.26875 0.624765478424015
0 0.5575 0.5534709193245778 0.5925 0.649155722326454
0 0.77 0.11819887429643527 0.8525 0.275797373358349
