0 0.7319561336393777 0.48266129032258065 0.8112726345320072 0.6370967741935484
0 0.3516959959194083 0.5020161290322581 0.4486100484570263 0.6427419354838709
0 0.0757459831675593 0.5951612903225807 0.08722264728385616 0.603225806451613
0 0.23539913287426678 0.5975806451612903 0.24407039020657995 0.6064516129032258
0 0.2433052792654935 0.5971774193548387 0.26574853353736294 0.6068548387096774
0 0.0864575363427697 0.5967741935483871 0.11145116041826064 0.605241935483871
0 0.23488905891354248 0.6088709677419355 0.252486610558531 0.6185483870967742
0 0.25223157357816883 0.6084677419354839 0.26396327467482783 0.617741935483871
0 0.09538383065544503 0.6080645161290322 0.11068604947717418 0.6161290322580645
0 0.0757459831675593 0.605241935483871 0.09461871971435858 0.617741935483871
0 0.5748533537362918 0.5903225806451613 0.5830145371078806 0.5991935483870968
0 0.5830145371078806 0.589516129032258 0.6023973476154042 0.5971774193548387
0 0.5738332058148432 0.6008064516129032 0.5904106095383831 0.6129032258064516
0 0.5901555725580209 0.6008064516129032 0.6021423106350421 0.6120967741935484
0 0.8849783218566692 0.5725806451612904 0.9000255036980362 0.5935483870967742
0 0.9000255036980362 0.5762096774193548 0.9094618719714359 0.5955645161290323
0 0.8931395052282581 0.5540322580645162 0.909716908951798 0.5693548387096774
0 0.8857434327977557 0.55 0.8931395052282581 0.5653225806451613
0 0.7209895434838052 0.5403225806451613 0.7288956898750318 0.5475806451612903
0 0.720734506503443 0.5161290322580645 0.7288956898750318 0.5225806451612903
0 0.7202244325427187 0.48104838709677417 0.7288956898750318 0.4899193548387097
0 0.718949247640908 0.4721774193548387 0.7296608008161183 0.4806451612903226
0 0.7214996174445295 0.4637096774193548 0.7276205049732212 0.4729838709677419
0 0.7202244325427187 0.49193548387096775 0.7288956898750318 0.49879032258064515
0 0.5830145371078806 0.6661290322580645 0.5899005355776588 0.6846774193548387
0 0.08798775822494262 0.6661290322580645 0.09640397857689365 0.682258064516129
0 0.24560061208875286 0.6669354838709678 0.252486610558531 0.6814516129032258
