0 0.12625 0.513986013986014 0.2325 0.5856643356643356
0 0.4075 0.3129370629370629 0.48625 0.3548951048951049
0 0.40125 0.09965034965034965 0.475 0.1555944055944056
0 0.5675 0.42657342657342656 0.615 0.4562937062937063
0 0.23625 0.4632867132867133 0.27875 0.486013986013986
0 0.1 0.7902097902097902 0.325 0.8986013986013986
0 0.3825 0.6433566433566433 0.54875 0.7465034965034965
0 0.655 0.6590909090909091 0.74375 0.7062937062937062
0 0.76375 0.2972027972027972 0.89125 0.36363636363636365
0 0.24875 0.44755244755244755 0.35125 0.5821678321678322
0 0.18625 0.7517482517482518 0.25 0.7884615384615384
