0 0.44202334630350193 0.5487026797107614 0.49494163424124515 0.584857507443641
0 0.49883268482490273 0.5487026797107614 0.5470817120622569 0.5827307528711186
0 0.4622568093385214 0.22330923011484474 0.47392996108949415 0.35516801361122924
0 0.5190661478599222 0.22968949383241175 0.5299610894941634 0.3572947681837516
0 0.0759533073929961 0.32241599319438535 0.0932295719844358 0.36537643555933647
0 0.07190661478599222 0.5491280306252658 0.10132295719844359 0.5750744364100383
0 0.15797665369649805 0.5265844321565292 0.191284046692607 0.5482773287962569
0 0.2541634241245136 0.5733730327520205 0.2946303501945525 0.6014461931093151
0 0.2992996108949416 0.5793279455550829 0.34023346303501945 0.6056997022543599
0 0.34599221789883267 0.5835814547001276 0.38801556420233463 0.6108039132284134
0 0.39299610894941633 0.5844321565291365 0.43719844357976656 0.6129306678009357
0 0.5542412451361868 0.5053168864313058 0.5928404669260701 0.5214802211824755
0 0.602023346303502 0.5044661846022969 0.6406225680933852 0.5214802211824755
0 0.6479377431906614 0.5648660144619311 0.697431906614786 0.6456826882177796
0 0.6975875486381323 0.5640153126329222 0.7442801556420233 0.641429179072735
0 0.7929961089494163 0.5533815397703105 0.8345525291828794 0.5886856656741812
0 0.8904280155642024 0.5002126754572522 0.9433463035019455 0.5861335601871545
0 0.8445136186770428 0.5665674181199489 0.8745525291828794 0.615908124202467
0 0.11377431906614786 0.547426626967248 0.14490272373540855 0.6367503190131859
0 0.7463035019455253 0.5610378562313909 0.7908171206225681 0.6035729476818376
