0 0.755 0.17314487632508835 0.8 0.19316843345111898
0 0.87 0.19905771495877503 0.9116666666666666 0.21672555948174324
0 0.44166666666666665 0.26030624263839813 0.47833333333333333 0.2779740871613663
0 0.7133333333333334 0.6808009422850412 0.75 0.6972909305064782
0 0.7883333333333333 0.7067137809187279 0.825 0.7232037691401649
0 0.155 0.8044758539458187 0.20666666666666667 0.8362779740871613
0 0.15833333333333333 0.8409893992932862 0.21 0.8739693757361602
0 0.16333333333333333 0.8775029446407538 0.21666666666666667 0.9081272084805654
0 0.17 0.9104829210836278 0.21833333333333332 0.9399293286219081
0 0.175 0.9434628975265018 0.225 0.9729093050647821
0 0.685 0.7279151943462897 0.7216666666666667 0.7455830388692579
0 0.76 0.7538280329799765 0.7933333333333333 0.773851590106007
