0 0.4894067796610169 0.43174603174603177 0.663135593220339 0.5079365079365079
0 0.2775423728813559 0.3873015873015873 0.3601694915254237 0.41904761904761906
0 0.006355932203389831 0.7714285714285715 0.19491525423728814 0.8412698412698413
0 0.4555084745762712 0.6 0.538135593220339 0.6317460317460317
0 0.3834745762711864 0.2920634920634921 0.5783898305084746 0.39365079365079364
0 0.7754237288135594 0.6888888888888889 0.8283898305084746 0.7587301587301587
0 0.9216101694915254 0.47619047619047616 0.9936440677966102 0.5015873015873016
0 0.9067796610169492 0.6476190476190476 0.9300847457627118 0.6857142857142857
0 0.00211864406779661 0.6158730158730159 0.09745762711864407 0.7301587301587301
0 0.6758474576271186 0.5682539682539682 0.6949152542372882 0.6
0 0.4491525423728814 0.7047619047619048 0.4703389830508475 0.780952380952381
0 0.7266949152542372 0.707936507936508 0.7563559322033898 0.7587301587301587
