0 0.4723076923076923 0.4459601259181532 0.5461538461538461 0.5257082896117523
0 0.3230769230769231 0.4459601259181532 0.3823076923076923 0.5131164742917104
0 0.22615384615384615 0.4732423924449108 0.2723076923076923 0.5445960125918153
0 0.02923076923076923 0.43966421825813223 0.05384615384615385 0.5057712486883525
0 0.24307692307692308 0.03987408184679958 0.30230769230769233 0.10178384050367262
0 0.39 0.04302203567681007 0.4530769230769231 0.07135362014690451
0 0.12846153846153846 0.06715634837355719 0.19538461538461538 0.15634837355718784
0 0.047692307692307694 0.19412381951731375 0.09846153846153846 0.24449108079748164
0 0.47846153846153844 0.001049317943336831 0.6130769230769231 0.09233997901364113
0 0.7592307692307693 0.4910807974816369 0.8084615384615385 0.5760755508919203
0 0.58 0.5362014690451207 0.7138461538461538 0.6453305351521511
0 0.6561538461538462 0.09968520461699895 0.7446153846153846 0.18782791185729275
0 0.76 0.1353620146904512 0.8446153846153847 0.24344176285414482
0 0.8276923076923077 0.5036726128016789 0.8784615384615385 0.608604407135362
0 0.8846153846153846 0.5005246589716684 0.9238461538461539 0.5907660020986358
0 0.9476923076923077 0.2539349422875131 0.9684615384615385 0.2885624344176285
0 0.8461538461538461 0.15320041972717732 0.8807692307692307 0.19832109129066108
0 0.06230769230769231 0.0062959076600209865 0.09230769230769231 0.046169989506820566
0 0.008461538461538461 0.45015739769150054 0.023846153846153847 0.4826862539349423
0 0.07923076923076923 0.43126967471143757 0.12153846153846154 0.5508919202518363
0 0.6538461538461539 0.8268625393494229 0.7492307692307693 0.9097586568730325
0 0.536923076923077 0.8520461699895068 0.6407692307692308 0.906610703043022
0 0.42615384615384616 0.8541448058761805 0.5161538461538462 0.887722980062959
0 0.4338461538461538 0.2938090241343127 0.47615384615384615 0.32948583420776495
0 0.17923076923076922 0.3126967471143757 0.2076923076923077 0.3473242392444911
0 0.13846153846153847 0.3200419727177335 0.16153846153846155 0.35047219307450156
0 0.30846153846153845 0.7639034627492131 0.33692307692307694 0.7911857292759706
0 0.5738461538461539 0.7743966421825813 0.61 0.8037775445960126
0 0.786923076923077 0.7198321091290661 0.8084615384615385 0.7502623294858342
0 0.8953846153846153 0.6652675760755509 0.9115384615384615 0.6925498426023085
0 0.7761538461538462 0.7995802728226653 0.816923076923077 0.8478488982161595
0 0.05384615384615385 0.7292759706190975 0.08846153846153847 0.7733473242392445
0 0.033846153846153845 0.7355718782791185 0.054615384615384614 0.7722980062959076
0 0.010769230769230769 0.6967471143756558 0.02923076923076923 0.7408184679958028
0 0.9384615384615385 0.6904512067156349 0.9607692307692308 0.7324239244491081
0 0.9546153846153846 0.6715634837355718 0.9823076923076923 0.7145855194123819
0 0.9823076923076923 0.6411332633788038 1.0 0.6736621196222455
0 0.08615384615384615 0.8058761804826863 0.14076923076923076 0.8656873032528857
0 0.1453846153846154 0.85099685204617 0.21076923076923076 0.9055613850996852
