0 0.4409722222222222 0.25462962962962965 0.5243055555555556 0.3125
0 0.4010416666666667 0.24537037037037038 0.4357638888888889 0.30787037037037035
0 0.6232638888888888 0.25925925925925924 0.6805555555555556 0.30324074074074076
0 0.4270833333333333 0.3194444444444444 0.4618055555555556 0.3541666666666667
0 0.5243055555555556 0.33101851851851855 0.5555555555555556 0.3611111111111111
0 0.3072916666666667 0.3101851851851852 0.3541666666666667 0.3472222222222222
0 0.6475694444444444 0.3263888888888889 0.6909722222222222 0.3472222222222222
0 0.7777777777777778 0.30787037037037035 0.8298611111111112 0.33796296296296297
0 0.9270833333333334 0.2916666666666667 0.9861111111111112 0.32175925925925924
0 0.5503472222222222 0.6550925925925926 0.6909722222222222 0.6990740740740741
0 0.6319444444444444 0.3287037037037037 0.6423611111111112 0.35185185185185186
0 0.7604166666666666 0.3101851851851852 0.7777777777777778 0.3425925925925926
0 0.90625 0.29398148148148145 0.9270833333333334 0.32407407407407407
0 0.17881944444444445 0.2152777777777778 0.28125 0.2777777777777778
0 0.14756944444444445 0.30092592592592593 0.2170138888888889 0.33796296296296297
0 0.8524305555555556 0.22685185185185186 0.953125 0.26157407407407407
