0 0.5432142857142858 0.41523809523809524 0.5653571428571429 0.48444444444444446
0 0.5964285714285714 0.36253968253968255 0.6392857142857142 0.5009523809523809
0 0.8289285714285715 0.5549206349206349 0.8471428571428572 0.6222222222222222
0 0.7446428571428572 0.525079365079365 0.7575 0.5549206349206349
0 0.5914285714285714 0.15936507936507938 0.6035714285714285 0.19936507936507936
0 0.6025 0.16253968253968254 0.6160714285714286 0.2019047619047619
0 0.6160714285714286 0.16952380952380952 0.6271428571428571 0.20507936507936508
0 0.4025 0.49396825396825395 0.41678571428571426 0.546031746031746
0 0.3939285714285714 0.353015873015873 0.4107142857142857 0.49523809523809526
0 0.3192857142857143 0.26857142857142857 0.3392857142857143 0.3473015873015873
0 0.20035714285714284 0.22158730158730158 0.25892857142857145 0.48444444444444446
0 0.7035714285714286 0.42793650793650795 0.7167857142857142 0.4533333333333333
0 0.655 0.5815873015873015 0.6667857142857143 0.6184126984126984
0 0.7296428571428571 0.4165079365079365 0.7510714285714286 0.4558730158730159
