0 0.43073593073593075 0.545 0.48268398268398266 0.59
0 0.33766233766233766 0.715 0.3787878787878788 0.75
0 0.49567099567099565 0.69 0.5303030303030303 0.725
0 0.5541125541125541 0.685 0.6038961038961039 0.79
0 0.6385281385281385 0.6 0.6623376623376623 0.63
0 0.7532467532467533 0.495 0.7835497835497836 0.525
0 0.8181818181818182 0.555 0.854978354978355 0.6
0 0.2597402597402597 0.66 0.28354978354978355 0.685
0 0.21212121212121213 0.675 0.23376623376623376 0.7
0 0.11688311688311688 0.34 0.13852813852813853 0.365
0 0.18614718614718614 0.4 0.2077922077922078 0.425
0 0.05411255411255411 0.415 0.07142857142857142 0.44
0 0.3939393939393939 0.09 0.5909090909090909 0.27
0 0.05194805194805195 0.54 0.07792207792207792 0.565
