0 0.2577120822622108 0.528 0.3026992287917738 0.544
0 0.262853470437018 0.487 0.2982005141388175 0.534
0 0.008354755784061696 0.475 0.017994858611825194 0.517
0 0.007069408740359897 0.462 0.015424164524421594 0.473
0 0.038560411311053984 0.511 0.04562982005141388 0.546
0 0.03598971722365039 0.498 0.04498714652956298 0.51
0 0.05462724935732648 0.481 0.06491002570694088 0.495
0 0.4466580976863753 0.469 0.493573264781491 0.49
0 0.42287917737789205 0.761 0.43251928020565555 0.812
0 0.3508997429305913 0.737 0.3708226221079691 0.75
0 0.9723650385604113 0.376 0.9820051413881749 0.39
