0 0.3575520833333333 0.6604166666666667 0.55546875 0.7716666666666666
0 0.2671875 0.7375 0.35572916666666665 0.7979166666666667
0 0.65703125 0.6 0.75859375 0.705
0 0.15052083333333333 0.705 0.2546875 0.8229166666666666
0 0.2872395833333333 0.6445833333333333 0.33619791666666665 0.7270833333333333
0 0.39921875 0.51875 0.48333333333333334 0.6416666666666667
0 0.5653645833333333 0.5466666666666666 0.61015625 0.62375
0 0.1140625 0.43 0.16432291666666668 0.48625
0 0.23072916666666668 0.36125 0.2984375 0.41125
0 0.3375 0.10208333333333333 0.44427083333333334 0.17708333333333334
0 0.5497395833333333 0.26875 0.61015625 0.3
0 0.5575520833333333 0.6341666666666667 0.6486979166666667 0.6841666666666667
