0 0.015555555555555555 0.45625 0.14888888888888888 0.553125
0 0.25555555555555554 0.328125 0.3711111111111111 0.421875
0 0.4911111111111111 0.25 0.5377777777777778 0.2875
0 0.4911111111111111 0.790625 0.5288888888888889 0.828125
0 0.6622222222222223 0.16875 0.7288888888888889 0.21875
0 0.84 0.071875 0.8888888888888888 0.115625
0 0.8866666666666667 0.665625 0.9244444444444444 0.734375
0 0.74 0.784375 0.78 0.85
0 0.5355555555555556 0.8875 0.6022222222222222 0.9375
0 0.21333333333333335 0.209375 0.24888888888888888 0.234375
0 0.9555555555555556 0.025 0.9933333333333333 0.05625
