0 0.155 0.2871287128712871 0.285 0.37293729372937295
0 0.0025 0.3069306930693069 0.1125 0.38943894389438943
0 0.335 0.2838283828382838 0.4575 0.3696369636963696
0 0.1925 0.11221122112211221 0.2475 0.1485148514851485
0 0.3325 0.11221122112211221 0.3825 0.15841584158415842
0 0.485 0.09900990099009901 0.5375 0.1353135313531353
0 0.3175 0.052805280528052806 0.365 0.0891089108910891
0 0.49 0.052805280528052806 0.5425 0.0924092409240924
0 0.495 0.30033003300330036 0.6175 0.38943894389438943
0 0.67 0.24752475247524752 0.79 0.33663366336633666
0 0.835 0.25412541254125415 0.9575 0.34983498349834985
0 0.08 0.5412541254125413 0.17 0.594059405940594
0 0.215 0.5412541254125413 0.31 0.5973597359735974
0 0.3525 0.5379537953795379 0.445 0.6006600660066007
0 0.495 0.5379537953795379 0.585 0.5973597359735974
0 0.63 0.5379537953795379 0.7225 0.5973597359735974
0 0.765 0.5379537953795379 0.86 0.5973597359735974
0 0.8975 0.5445544554455446 0.9925 0.6006600660066007
0 0.09 0.6864686468646864 0.18 0.7557755775577558
0 0.22 0.6963696369636964 0.3175 0.768976897689769
0 0.3375 0.7128712871287128 0.435 0.7887788778877888
0 0.48 0.7326732673267327 0.575 0.7953795379537953
0 0.62 0.7128712871287128 0.72 0.7821782178217822
0 0.74 0.6864686468646864 0.8375 0.7491749174917491
0 0.89 0.6798679867986799 0.98 0.7524752475247525
0 0.0175 0.858085808580858 0.0925 0.900990099009901
0 0.1275 0.8679867986798679 0.1975 0.9042904290429042
0 0.2325 0.8712871287128713 0.305 0.9042904290429042
0 0.3375 0.8679867986798679 0.4125 0.9042904290429042
0 0.4475 0.8745874587458746 0.52 0.9042904290429042
0 0.5575 0.8745874587458746 0.6275 0.9075907590759076
0 0.6625 0.8646864686468647 0.74 0.9075907590759076
0 0.7675 0.8712871287128713 0.8425 0.9075907590759076
0 0.87 0.8679867986798679 0.95 0.900990099009901
