0 0.05324074074074074 0.33564814814814814 0.2222222222222222 0.3923611111111111
0 0.1095679012345679 0.7488425925925926 0.2816358024691358 0.8229166666666666
0 0.6018518518518519 0.3472222222222222 0.720679012345679 0.39467592592592593
0 0.8109567901234568 0.3541666666666667 0.9128086419753086 0.3923611111111111
0 0.2337962962962963 0.5381944444444444 0.375 0.5983796296296297
0 0.6651234567901234 0.6840277777777778 0.7770061728395061 0.7511574074074074
0 0.7577160493827161 0.3229166666666667 0.8101851851851852 0.4027777777777778
0 0.1419753086419753 0.5104166666666666 0.22453703703703703 0.6203703703703703
0 0.005401234567901234 0.7349537037037037 0.0933641975308642 0.8530092592592593
0 0.2785493827160494 0.30671296296296297 0.3464506172839506 0.4085648148148148
0 0.6782407407407407 0.5115740740740741 0.7330246913580247 0.5775462962962963
0 0.5424382716049383 0.3125 0.595679012345679 0.40162037037037035
