0 0.016153846153846154 0.4393305439330544 0.14692307692307693 0.5334728033472803
0 0.2553846153846154 0.32112970711297073 0.3707692307692308 0.40690376569037656
0 0.49153846153846154 0.24163179916317992 0.5376923076923077 0.27824267782426776
0 0.6615384615384615 0.16527196652719664 0.73 0.21443514644351463
0 0.8423076923076923 0.0700836820083682 0.8876923076923077 0.11297071129707113
0 0.7423076923076923 0.7635983263598326 0.78 0.8190376569037657
0 0.5315384615384615 0.8556485355648535 0.6007692307692307 0.9069037656903766
0 0.8876923076923077 0.6485355648535565 0.9238461538461539 0.6997907949790795
0 0.9653846153846154 0.021966527196652718 0.9984615384615385 0.051255230125523014
0 0.49230769230769234 0.7667364016736402 0.5315384615384615 0.8002092050209205
0 0.2153846153846154 0.20397489539748953 0.2523076923076923 0.2280334728033473
