0 0.2925 0.03666666666666667 0.33875 0.10333333333333333
0 0.48625 0.03666666666666667 0.52125 0.08166666666666667
0 0.53625 0.051666666666666666 0.60125 0.09333333333333334
0 0.18875 0.49666666666666665 0.2375 0.565
0 0.6175 0.04833333333333333 0.645 0.08166666666666667
0 0.675 0.043333333333333335 0.69375 0.07666666666666666
0 0.715 0.03833333333333333 0.75375 0.08333333333333333
0 0.775 0.03666666666666667 0.81875 0.08666666666666667
0 0.7625 0.08833333333333333 0.83375 0.10666666666666667
0 0.83625 0.03666666666666667 0.8925 0.10333333333333333
0 0.89625 0.08333333333333333 0.9725 0.10666666666666667
0 0.915 0.035 0.94625 0.08
0 0.35625 0.03833333333333333 0.4 0.10166666666666667
