0 0.34140625 0.020833333333333332 0.63515625 0.15555555555555556
0 0.08125 0.02361111111111111 0.1453125 0.05416666666666667
0 0.2328125 0.2388888888888889 0.3109375 0.30277777777777776
0 0.1 0.2375 0.19140625 0.30833333333333335
0 0.103125 0.36944444444444446 0.184375 0.42916666666666664
0 0.11953125 0.75 0.16484375 0.8361111111111111
0 0.0078125 0.2361111111111111 0.05703125 0.31805555555555554
0 0.0015625 0.8819444444444444 0.04765625 0.9722222222222222
0 0.246875 0.6194444444444445 0.296875 0.7055555555555556
0 0.228125 0.8930555555555556 0.30390625 0.9555555555555556
0 0.2203125 0.7597222222222222 0.3109375 0.8319444444444445
0 0.22890625 0.5305555555555556 0.31328125 0.5777777777777777
0 0.23828125 0.4847222222222222 0.3046875 0.5361111111111111
0 0.00078125 0.36527777777777776 0.07734375 0.4388888888888889
0 0.096875 0.8930555555555556 0.18515625 0.9611111111111111
0 0.61171875 0.23333333333333334 0.6625 0.3138888888888889
0 0.7125 0.24027777777777778 0.80703125 0.30416666666666664
0 0.8453125 0.24166666666666667 0.92265625 0.30277777777777776
0 0.7078125 0.36666666666666664 0.8171875 0.44027777777777777
0 0.590625 0.36666666666666664 0.68359375 0.4361111111111111
0 0.721875 0.6583333333333333 0.80546875 0.7083333333333334
0 0.72734375 0.6138888888888889 0.79921875 0.6652777777777777
0 0.7453125 0.7444444444444445 0.790625 0.8347222222222223
0 0.85390625 0.8944444444444445 0.93125 0.9513888888888888
0 0.84453125 0.7583333333333333 0.9375 0.8236111111111111
0 0.8671875 0.6180555555555556 0.91484375 0.7041666666666667
0 0.8484375 0.5319444444444444 0.92890625 0.5791666666666667
0 0.85546875 0.4875 0.92109375 0.5347222222222222
0 0.73125 0.8902777777777777 0.815625 0.9555555555555556
0 0.35859375 0.4013888888888889 0.4375 0.4486111111111111
0 0.09453125 0.6319444444444444 0.190625 0.6902777777777778
0 0.00078125 0.7930555555555555 0.06640625 0.8416666666666667
0 0.00078125 0.7458333333333333 0.059375 0.7972222222222223
0 0.00078125 0.49722222222222223 0.07578125 0.5680555555555555
0 0.6015625 0.5 0.6765625 0.5402777777777777
