0 0.051515151515151514 0.12967032967032968 0.2878787878787879 0.26153846153846155
0 0.06515151515151515 0.2703296703296703 0.29393939393939394 0.36923076923076925
0 0.06515151515151515 0.4021978021978022 0.29545454545454547 0.4857142857142857
0 0.05909090909090909 0.5340659340659341 0.2878787878787879 0.6043956043956044
0 0.05454545454545454 0.6395604395604395 0.2863636363636364 0.7384615384615385
0 0.08333333333333333 0.734065934065934 0.29848484848484846 0.8615384615384616
0 0.4106060606060606 0.6461538461538462 0.503030303030303 0.7076923076923077
0 0.3984848484848485 0.5802197802197803 0.4727272727272727 0.6241758241758242
0 0.44696969696969696 0.11428571428571428 0.5484848484848485 0.22417582417582418
0 0.44696969696969696 0.015384615384615385 0.55 0.14505494505494507
0 0.3893939393939394 0.8087912087912088 0.4954545454545455 0.8989010989010989
0 0.40454545454545454 0.843956043956044 0.5106060606060606 0.9604395604395605
0 0.42424242424242425 0.9054945054945055 0.5333333333333333 1.0
0 0.403030303030303 0.5142857142857142 0.4484848484848485 0.5516483516483517
