0 0.41455696202531644 0.41350210970464135 0.4947257383966245 0.5168776371308017
0 0.569620253164557 0.48523206751054854 0.6518987341772152 0.609704641350211
0 0.729957805907173 0.5780590717299579 0.8291139240506329 0.7215189873417721
0 0.6845991561181435 0.002109704641350211 1.0 0.2088607594936709
0 0.0010548523206751054 0.5464135021097046 0.23523206751054854 1.0
0 0.40822784810126583 0.5843881856540084 0.48523206751054854 0.7194092827004219
0 0.5611814345991561 0.6751054852320675 0.6381856540084389 0.8143459915611815
0 0.7109704641350211 0.7784810126582279 0.8048523206751055 0.9451476793248945
0 0.8829113924050633 0.8544303797468354 0.9419831223628692 0.9388185654008439
0 0.919831223628692 0.7278481012658228 0.9662447257383966 0.7890295358649789
0 0.9588607594936709 0.6223628691983122 0.9936708860759493 0.6666666666666666
