0 0.2784090909090909 0.23863636363636365 0.48579545454545453 0.30823863636363635
0 0.22301136363636365 0.10511363636363637 0.29261363636363635 0.16619318181818182
0 0.7883522727272727 0.5681818181818182 0.8338068181818182 0.5852272727272727
0 0.4431818181818182 0.7997159090909091 0.5056818181818182 0.828125
0 0.3934659090909091 0.3536931818181818 0.43323863636363635 0.37073863636363635
0 0.2869318181818182 0.18607954545454544 0.4900568181818182 0.234375
0 0.2372159090909091 0.08380681818181818 0.32954545454545453 0.14204545454545456
0 0.7869318181818182 0.5568181818181818 0.8267045454545454 0.5752840909090909
0 0.4460227272727273 0.7698863636363636 0.5127840909090909 0.8110795454545454
0 0.39204545454545453 0.33948863636363635 0.4303977272727273 0.3622159090909091
