0 0.5837209302325581 0.4 0.75 0.603125
0 0.8627906976744186 0.215625 0.8953488372093024 0.271875
0 0.6267441860465116 0.1875 0.7895348837209303 0.371875
0 0.18372093023255814 0.4375 0.2453488372093023 0.55
0 0.2941860465116279 0.4 0.3581395348837209 0.45
0 0.9116279069767442 0.3875 0.9430232558139535 0.425
0 0.5546511627906977 0.41875 0.5755813953488372 0.4625
0 0.46744186046511627 0.14375 0.4848837209302326 0.18125
0 0.46744186046511627 0.24375 0.4848837209302326 0.28125
0 0.5127906976744186 0.196875 0.5302325581395348 0.234375
0 0.5569767441860465 0.15 0.5744186046511628 0.184375
0 0.5581395348837209 0.246875 0.5744186046511628 0.290625
0 0.5116279069767442 0.096875 0.5302325581395348 0.134375
0 0.5569767441860465 0.046875 0.5744186046511628 0.090625
0 0.513953488372093 0.003125 0.5302325581395348 0.0375
0 0.4686046511627907 0.040625 0.48372093023255813 0.090625
0 0.42209302325581394 0.190625 0.43953488372093025 0.228125
0 0.42093023255813955 0.290625 0.44069767441860463 0.334375
0 0.4232558139534884 0.090625 0.4418604651162791 0.13125
0 0.37790697674418605 0.140625 0.39651162790697675 0.178125
0 0.37906976744186044 0.04375 0.3988372093023256 0.078125
0 0.3767441860465116 0.240625 0.3953488372093023 0.275
0 0.4255813953488372 0.003125 0.44069767441860463 0.04375
0 0.3302325581395349 0.2875 0.35 0.328125
0 0.33488372093023255 0.184375 0.3511627906976744 0.228125
0 0.33372093023255817 0.090625 0.35348837209302325 0.125
0 0.6 0.1 0.6186046511627907 0.140625
0 0.6011627906976744 0.003125 0.6186046511627907 0.0375
0 0.6441860465116279 0.053125 0.6627906976744186 0.090625
0 0.6441860465116279 0.15 0.6616279069767442 0.190625
0 0.6872093023255814 0.1 0.7046511627906977 0.1375
0 0.6883720930232559 0.009375 0.7058139534883721 0.040625
0 0.28837209302325584 0.2375 0.30465116279069765 0.275
0 0.2895348837209302 0.134375 0.30930232558139537 0.178125
0 0.29069767441860467 0.0375 0.30930232558139537 0.078125
0 0.029069767441860465 0.63125 0.1872093023255814 0.71875
0 0.8511627906976744 0.284375 0.9104651162790698 0.3375
