0 0.2415 0.5715 0.264 0.608
0 0.25 0.764 0.2735 0.7975
0 0.2765 0.471 0.314 0.4915
0 0.3595 0.4725 0.3975 0.4915
0 0.3095 0.5335 0.3455 0.563
0 0.3315 0.6245 0.3605 0.6575
0 0.415 0.6195 0.4465 0.6525
0 0.3345 0.7225 0.367 0.753
0 0.4225 0.7155 0.449 0.7465
0 0.41 0.799 0.4375 0.819
0 0.56 0.782 0.5875 0.8025
0 0.5805 0.703 0.6075 0.7335
0 0.5785 0.612 0.605 0.642
0 0.5565 0.527 0.586 0.551
0 0.516 0.4705 0.553 0.486
0 0.6615 0.4695 0.692 0.4865
0 0.7675 0.523 0.7955 0.549
0 0.723 0.604 0.7505 0.6325
0 0.7915 0.601 0.817 0.63
0 0.7265 0.691 0.749 0.7195
0 0.793 0.6875 0.8155 0.717
0 0.7065 0.7695 0.7315 0.79
0 0.773 0.764 0.7965 0.784
0 0.193 0.5305 0.2175 0.54
