0 0.10743801652892562 0.13701067615658363 0.2024793388429752 0.22241992882562278
0 0.12706611570247933 0.3879003558718861 0.22417355371900827 0.501779359430605
0 0.027892561983471075 0.34519572953736655 0.0640495867768595 0.3932384341637011
0 0.4080578512396694 0.304270462633452 0.5165289256198347 0.46619217081850534
0 0.265495867768595 0.12455516014234876 0.38326446280991733 0.22597864768683273
0 0.6931818181818182 0.25622775800711745 0.8016528925619835 0.36298932384341637
0 0.38326446280991733 0.8185053380782918 0.4318181818181818 0.8807829181494662
0 0.38326446280991733 0.6797153024911032 0.42665289256198347 0.7153024911032029
0 0.15702479338842976 0.6832740213523132 0.19421487603305784 0.7224199288256228
0 0.7479338842975206 0.7153024911032029 0.8274793388429752 0.7544483985765125
0 0.5723140495867769 0.6120996441281139 0.6859504132231405 0.7277580071174378
0 0.48760330578512395 0.802491103202847 0.5320247933884298 0.8362989323843416
0 0.484504132231405 0.6637010676156584 0.5330578512396694 0.6850533807829181
0 0.21177685950413222 0.6476868327402135 0.3347107438016529 0.7651245551601423
0 0.5981404958677686 0.051601423487544484 0.7128099173553719 0.20284697508896798
0 0.7572314049586777 0.17259786476868327 0.8657024793388429 0.24199288256227758
0 0.5516528925619835 0.33807829181494664 0.6528925619834711 0.4430604982206406
