0 0.44519166106254204 0.46905829596412557 0.554808338937458 0.5426008968609866
0 0.29858776059179554 0.5650224215246636 0.31271015467383995 0.5757847533632287
0 0.38264963012777403 0.5668161434977579 0.3960995292535306 0.5757847533632287
0 0.468728984532616 0.5668161434977579 0.4835238735709482 0.5766816143497758
0 0.5568258238063215 0.5659192825112107 0.5709482178883658 0.5757847533632287
0 0.4277067921990585 0.6385650224215247 0.4425016812373907 0.6493273542600897
0 0.5581708137188971 0.6385650224215247 0.5736381977135171 0.6493273542600897
0 0.5971755211835911 0.6412556053811659 0.6220578345662408 0.6582959641255606
0 0.6435776731674513 0.5659192825112107 0.65635507733692 0.5757847533632287
0 0.49831876260928043 0.6547085201793722 0.5050437121721587 0.6591928251121076
0 0.0531271015467384 0.4977578475336323 0.0847343644922663 0.5147982062780269
0 0.6772024209818427 0.6708520179372197 0.6859448554135844 0.683408071748879
0 0.6469401479488904 0.6645739910313901 0.65635507733692 0.6762331838565022
