0 0.2925 0.03833333333333333 0.33875 0.1
0 0.35375 0.041666666666666664 0.39875 0.09833333333333333
0 0.485 0.03833333333333333 0.51875 0.08166666666666667
0 0.53625 0.05 0.6025 0.09333333333333334
0 0.615 0.04666666666666667 0.645 0.085
0 0.6725 0.041666666666666664 0.695 0.07666666666666666
0 0.715 0.03833333333333333 0.75625 0.08333333333333333
0 0.775 0.03833333333333333 0.8175 0.08833333333333333
0 0.76375 0.08666666666666667 0.8325 0.10333333333333333
0 0.8375 0.035 0.89125 0.10333333333333333
0 0.91375 0.03833333333333333 0.94875 0.07833333333333334
0 0.895 0.08166666666666667 0.97125 0.10666666666666667
0 0.20875 0.5116666666666667 0.25875 0.5783333333333334
