0 0.339572192513369 0.478 0.4144385026737968 0.506
0 0.13903743315508021 0.486 0.21390374331550802 0.512
0 0.15240641711229946 0.58 0.23529411764705882 0.612
0 0.32887700534759357 0.584 0.4144385026737968 0.618
0 0.3315508021390374 0.69 0.4117647058823529 0.72
0 0.1711229946524064 0.79 0.23796791443850268 0.81
0 0.15240641711229946 0.694 0.22192513368983957 0.714
0 0.13368983957219252 0.264 0.21657754010695188 0.294
0 0.0855614973262032 0.15 0.16042780748663102 0.176
0 0.7272727272727273 0.8 0.7647058823529411 0.842
