0 0.04338842975206612 0.1529745042492918 0.11570247933884298 0.21529745042492918
0 0.2809917355371901 0.18696883852691218 0.30991735537190085 0.2237960339943343
0 0.5847107438016529 0.16997167138810199 0.628099173553719 0.23512747875354106
0 0.8099173553719008 0.18696883852691218 0.9152892561983471 0.23229461756373937
0 0.2892561983471074 0.3087818696883853 0.4090909090909091 0.34560906515580736
0 0.5785123966942148 0.29178470254957506 0.640495867768595 0.35127478753541075
0 0.29958677685950413 0.38526912181303113 0.39462809917355374 0.41359773371104813
0 0.30578512396694213 0.45609065155807366 0.40082644628099173 0.4985835694050991
0 0.5557851239669421 0.37677053824362605 0.6549586776859504 0.4164305949008499
0 0.8243801652892562 0.3002832861189802 0.9214876033057852 0.3371104815864023
0 0.8223140495867769 0.5892351274787535 0.9214876033057852 0.6175637393767706
0 0.8223140495867769 0.49008498583569404 0.9214876033057852 0.5212464589235127
0 0.5723140495867769 0.5410764872521246 0.6384297520661157 0.5779036827195467
0 0.5578512396694215 0.6175637393767706 0.6528925619834711 0.6458923512747875
0 0.5516528925619835 0.6855524079320113 0.6549586776859504 0.7223796033994334
0 0.30165289256198347 0.6005665722379604 0.39669421487603307 0.6402266288951841
0 0.30165289256198347 0.6742209631728046 0.39462809917355374 0.7223796033994334
0 0.30991735537190085 0.5269121813031161 0.3822314049586777 0.5807365439093485
0 0.8285123966942148 0.3937677053824363 0.9111570247933884 0.43909348441926344
0 0.2871900826446281 0.8413597733711048 0.41115702479338845 0.8668555240793201
