0 0.39135135135135135 0.36906854130052724 0.4681081081081081 0.4727592267135325
0 0.21621621621621623 0.3145869947275923 0.29405405405405405 0.4077328646748682
0 0.8151351351351351 0.37785588752196836 0.9016216216216216 0.4710017574692443
0 0.5686486486486486 0.5940246045694201 0.6302702702702703 0.6239015817223199
0 0.3037837837837838 0.5448154657293497 0.35567567567567565 0.5905096660808435
0 0.12972972972972974 0.46748681898066785 0.17081081081081081 0.5096660808435852
0 0.3016216216216216 0.5114235500878734 0.35243243243243244 0.5588752196836555
0 0.5675675675675675 0.5571177504393673 0.6313513513513513 0.5957820738137083
0 0.12864864864864864 0.43409490333919154 0.16864864864864865 0.4797891036906854
0 0.23675675675675675 0.6942003514938488 0.28540540540540543 0.7627416520210897
0 0.5740540540540541 0.8295254833040422 0.6691891891891892 0.875219683655536
0 0.6518918918918919 0.4007029876977153 0.6962162162162162 0.4868189806678383
