0 0.225 0.12447844228094576 0.2865 0.20792767732962447
0 0.264 0.28720445062586925 0.292 0.32614742698191934
0 0.26 0.44575799721835885 0.293 0.48678720445062584
0 0.533 0.44575799721835885 0.563 0.48887343532684285
0 0.5345 0.2858136300417246 0.5625 0.327538247566064
0 0.8575 0.2865090403337969 0.8865 0.32684283727399166
0 0.8575 0.44506258692628653 0.887 0.48678720445062584
0 0.8645 0.5570236439499304 0.89 0.5945757997218358
0 0.8165 0.5556328233657858 0.843 0.5945757997218358
0 0.8225 0.44575799721835885 0.852 0.48678720445062584
0 0.8205 0.28442280945758 0.8505 0.3282336578581363
0 0.4995 0.28442280945758 0.529 0.32684283727399166
0 0.498 0.44645340751043117 0.5275 0.4847009735744089
0 0.227 0.44506258692628653 0.256 0.4860917941585535
0 0.2265 0.2865090403337969 0.256 0.32614742698191934
0 0.237 0.8240611961057024 0.301 0.8435326842837274
0 0.211 0.6557719054242003 0.3285 0.6870653685674548
0 0.531 0.7851182197496523 0.548 0.8101529902642559
0 0.55 0.7837273991655076 0.6 0.803894297635605
0 0.496 0.8901251738525731 0.508 0.9054242002781642
0 0.625 0.8901251738525731 0.637 0.9068150208623088
