0 0.32954545454545453 0.11190476190476191 0.3732517482517482 0.25476190476190474
0 0.39335664335664333 0.14761904761904762 0.6730769230769231 0.22142857142857142
0 0.2972027972027972 0.7738095238095238 0.34353146853146854 0.7976190476190477
0 0.28583916083916083 0.7666666666666667 0.2945804195804196 0.8
0 0.3793706293706294 0.7880952380952381 0.38986013986013984 0.819047619047619
0 0.3916083916083916 0.7928571428571428 0.42744755244755245 0.819047619047619
0 0.4868881118881119 0.8023809523809524 0.548951048951049 0.8285714285714286
0 0.47115384615384615 0.7976190476190477 0.4825174825174825 0.830952380952381
0 0.5944055944055944 0.5285714285714286 0.6407342657342657 0.5547619047619048
0 0.583916083916084 0.530952380952381 0.5926573426573427 0.5571428571428572
