0 0.06091370558375635 0.3411371237458194 0.15397631133671744 0.45484949832775917
0 0.2808798646362098 0.3210702341137124 0.3756345177664975 0.4414715719063545
0 0.047377326565143825 0.09364548494983277 0.10490693739424704 0.15384615384615385
0 0.4686971235194585 0.35785953177257523 0.5989847715736041 0.5016722408026756
0 0.7563451776649747 0.3411371237458194 0.8815566835871405 0.4916387959866221
0 0.7157360406091371 0.043478260869565216 0.7783417935702199 0.11705685618729098
0 0.7258883248730964 0.21739130434782608 0.7901861252115059 0.2976588628762542
0 0.2571912013536379 0.8327759197324415 0.34348561759729274 0.882943143812709
0 0.6802030456852792 0.6488294314381271 0.7089678510998308 0.7023411371237458
0 0.9712351945854484 0.6220735785953178 0.9983079526226735 0.6789297658862876
0 0.6463620981387479 0.27759197324414714 0.7021996615905245 0.3177257525083612
