0 0.4768421052631579 0.52428810720268 0.4936842105263158 0.5460636515912898
0 0.10736842105263159 0.6398659966499163 0.20526315789473684 0.6716917922948074
0 0.5073684210526316 0.5041876046901173 0.6926315789473684 0.6247906197654941
0 0.56 0.35845896147403683 0.7705263157894737 0.47571189279731996
0 0.15263157894736842 0.525963149078727 0.22631578947368422 0.6030150753768844
0 0.3094736842105263 0.31155778894472363 0.37157894736842106 0.34840871021775544
0 0.31473684210526315 0.2830820770519263 0.3684210526315789 0.3149078726968174
0 0.8378947368421052 0.2830820770519263 0.8936842105263157 0.31155778894472363
0 0.8410526315789474 0.254606365159129 0.8894736842105263 0.2830820770519263
0 0.4263157894736842 0.19932998324958123 0.43894736842105264 0.21775544388609716
0 0.6210526315789474 0.20770519262981574 0.6357894736842106 0.22110552763819097
0 0.3705263157894737 0.24958123953098826 0.38421052631578945 0.26800670016750416
0 0.3105263157894737 0.39195979899497485 0.32210526315789473 0.4154103852596315
0 0.891578947368421 0.22780569514237856 0.9042105263157895 0.23953098827470687
0 0.8315789473684211 0.22613065326633167 0.8463157894736842 0.24288107202680068
0 0.17473684210526316 0.49246231155778897 0.21894736842105264 0.5175879396984925
0 0.3 0.24623115577889448 0.3157894736842105 0.2613065326633166
