0 0.36122448979591837 0.619500594530321 0.49081632653061225 0.6634958382877527
0 0.41836734693877553 0.8513674197384067 0.513265306122449 0.89179548156956
0 0.2602040816326531 0.8585017835909632 0.3551020408163265 0.8941736028537456
0 0.21326530612244898 0.6730083234244947 0.30714285714285716 0.703923900118906
0 0.20918367346938777 0.49227110582639716 0.30306122448979594 0.5219976218787158
0 0.3948979591836735 0.3816884661117717 0.49081632653061225 0.4173602853745541
0 0.026530612244897958 0.4827586206896552 0.12653061224489795 0.5184304399524375
0 0.19591836734693877 0.2734839476813318 0.32755102040816325 0.3234244946492271
0 0.4673469387755102 0.15219976218787157 0.4928571428571429 0.272294887039239
0 0.5663265306122449 0.267538644470868 0.6469387755102041 0.29488703923900117
0 0.7224489795918367 0.18192627824019025 0.8193877551020409 0.2164090368608799
0 0.7561224489795918 0.35315101070154575 0.7857142857142857 0.4661117717003567
0 0.5489795918367347 0.4661117717003567 0.6775510204081633 0.5124851367419738
0 0.7489795918367347 0.5612366230677764 0.7785714285714286 0.6718192627824019
0 0.9051020408163265 0.44589774078478 0.9336734693877551 0.5671819262782402
