nissan-symbol 0.1475 0.505 0.18875 0.5716666666666667
jeep 0.59875 0.051666666666666666 0.66625 0.1
nissan-symbol 0.68125 0.04833333333333333 0.71 0.085
renault 0.73875 0.041666666666666664 0.7575 0.08
dacia 0.90125 0.03333333333333333 0.95625 0.10333333333333333
citroen 0.83875 0.035 0.8825 0.08833333333333333
citroen-text 0.82625 0.08833333333333333 0.8975 0.105
fiat 0.2925 0.04 0.33875 0.09833333333333333
fiat 0.55 0.04 0.58375 0.08333333333333333
mitsubishi 0.78 0.03833333333333333 0.8175 0.08333333333333333
alfaromeo 0.35625 0.04 0.39875 0.1