nissan-symbol 0.7075 0.51 0.7575 0.575
fiat 0.4025 0.03833333333333333 0.45 0.10166666666666667
alfaromeo 0.46875 0.03833333333333333 0.51 0.105
fiat 0.5975 0.04 0.63 0.08166666666666667
jeep 0.645 0.051666666666666666 0.7125 0.09166666666666666
nissan-symbol 0.725 0.04833333333333333 0.755 0.08166666666666667
mitsubishi 0.77375 0.03833333333333333 0.81 0.08333333333333333
citroen 0.8325 0.03666666666666667 0.87875 0.085
citroen-text 0.82 0.08666666666666667 0.89125 0.10666666666666667
suzuki-text 0.89375 0.085 0.97125 0.105
suzuki-symbol 0.91375 0.035 0.94875 0.08333333333333333