reebok 0.03689064558629776 0.0995260663507109 0.14097496706192358 0.15639810426540285
reebok 0.039525691699604744 0.3175355450236967 0.1422924901185771 0.36729857819905215
reebok 0.039525691699604744 0.533175355450237 0.14361001317523056 0.580568720379147
reebok 0.04084321475625823 0.7488151658767772 0.14624505928853754 0.7962085308056872
reebok 0.043478260869565216 0.9620853080568721 0.14756258234519104 1.0
reebok 0.3926218708827404 0.13033175355450238 0.4901185770750988 0.1895734597156398
reebok 0.3939393939393939 0.34834123222748814 0.4888010540184453 0.3933649289099526
reebok 0.4044795783926219 0.5521327014218009 0.4914361001317523 0.6018957345971564
reebok 0.39789196310935443 0.9620853080568721 0.4901185770750988 1.0
reebok-symbol 0.4901185770750988 0.35071090047393366 0.5204216073781291 0.3981042654028436
reebok-symbol 0.4888010540184453 0.13270142180094788 0.5217391304347826 0.1895734597156398
reebok-symbol 0.4901185770750988 0.9597156398104265 0.5243741765480896 1.0
reebok-symbol 0.14624505928853754 0.7417061611374408 0.18181818181818182 0.8009478672985783
reebok-symbol 0.14361001317523056 0.3175355450236967 0.17654808959156784 0.3696682464454976
reebok-symbol 0.1422924901185771 0.0995260663507109 0.17654808959156784 0.15876777251184834
reebok-symbol 0.14888010540184454 0.9502369668246445 0.1844532279314888 1.0
reebok-symbol 0.1422924901185771 0.533175355450237 0.1725955204216074 0.5853080568720379
reebok 0.7206851119894598 0.16350710900473933 0.8115942028985508 0.21800947867298578
reebok 0.8787878787878788 0.1848341232227488 0.9617918313570487 0.23222748815165878
reebok 0.8735177865612648 0.3791469194312796 0.9617918313570487 0.43364928909952605
reebok 0.8774703557312253 0.5781990521327014 0.9604743083003953 0.6232227488151659
reebok 0.8735177865612648 0.7772511848341233 0.9617918313570487 0.8199052132701422
reebok 0.8735177865612648 0.9691943127962085 0.9578392621870883 0.9976303317535545
reebok-symbol 0.9617918313570487 0.7701421800947867 0.9894598155467721 0.8199052132701422
reebok-symbol 0.9617918313570487 0.5781990521327014 0.9907773386034255 0.6303317535545023
reebok-symbol 0.9604743083003953 0.3767772511848341 0.9907773386034255 0.4312796208530806
reebok-symbol 0.9657444005270093 0.1848341232227488 0.9907773386034255 0.23222748815165878
reebok-symbol 0.9631093544137023 0.002369668246445498 0.9934123847167325 0.04028436018957346
reebok-symbol 0.8115942028985508 0.17061611374407584 0.841897233201581 0.22037914691943128
reebok-symbol 0.8102766798418972 0.37203791469194314 0.8379446640316206 0.4218009478672986