reebok 0.3172932330827068 0.19333333333333333 0.5616541353383459 0.2906666666666667
reebok-symbol 0.5669172932330827 0.16266666666666665 0.6466165413533834 0.2906666666666667
reebok 0.8774436090225564 0.23466666666666666 0.9496240601503759 0.27066666666666667
reebok-symbol 0.9488721804511279 0.22933333333333333 0.975187969924812 0.272
reebok 0.23759398496240602 0.8133333333333334 0.2631578947368421 0.86
reebok-symbol 0.2593984962406015 0.804 0.26917293233082706 0.8226666666666667
reebok 0.281203007518797 0.7426666666666667 0.30526315789473685 0.784
reebok-symbol 0.3037593984962406 0.7266666666666667 0.31203007518796994 0.7466666666666667
reebok 0.2819548872180451 0.816 0.30601503759398496 0.8586666666666667
reebok-symbol 0.3030075187969925 0.8026666666666666 0.31203007518796994 0.82
reebok-symbol 0.2586466165413534 0.88 0.26917293233082706 0.8946666666666667
reebok-symbol 0.21578947368421053 0.88 0.22631578947368422 0.896
reebok-symbol 0.3 0.8813333333333333 0.31203007518796994 0.896
reebok 0.28345864661654135 0.6626666666666666 0.3067669172932331 0.708
reebok 0.017293233082706767 0.5053333333333333 0.042105263157894736 0.548
reebok 0.06090225563909774 0.43066666666666664 0.08571428571428572 0.472
reebok 0.10451127819548872 0.356 0.12857142857142856 0.3973333333333333
reebok 0.017293233082706767 0.432 0.04285714285714286 0.47333333333333333
reebok 0.06090225563909774 0.35333333333333333 0.08646616541353383 0.39866666666666667
reebok 0.019548872180451128 0.35333333333333333 0.0443609022556391 0.39866666666666667
reebok-symbol 0.039097744360902256 0.49333333333333335 0.04887218045112782 0.512
reebok-symbol 0.08345864661654136 0.4186666666666667 0.09172932330827067 0.436
reebok-symbol 0.12706766917293233 0.3426666666666667 0.13609022556390976 0.36
reebok-symbol 0.0406015037593985 0.41733333333333333 0.04962406015037594 0.43466666666666665
reebok-symbol 0.08345864661654136 0.3426666666666667 0.0924812030075188 0.3626666666666667
reebok-symbol 0.042105263157894736 0.3426666666666667 0.05037593984962406 0.3586666666666667
reebok 0.24060150375939848 0.37333333333333335 0.26090225563909775 0.412
reebok-symbol 0.26015037593984963 0.4053333333333333 0.2669172932330827 0.424
reebok 0.2037593984962406 0.376 0.22481203007518796 0.4106666666666667