bionade 0.38190184049079756 0.45 0.8834355828220859 0.7166666666666667
bionade 0.06288343558282208 0.47833333333333333 0.19478527607361965 0.66
bionade-symbol 0.1441717791411043 0.13333333333333333 0.19478527607361965 0.15166666666666667
bionade-symbol 0.29754601226993865 0.10833333333333334 0.3512269938650307 0.13
bionade-symbol 0.4386503067484663 0.09166666666666666 0.4892638036809816 0.11
bionade-symbol 0.5766871165644172 0.07166666666666667 0.6257668711656442 0.08833333333333333
bionade-symbol 0.6717791411042945 0.11166666666666666 0.7239263803680982 0.12666666666666668
bionade-symbol 0.5352760736196319 0.13333333333333333 0.5828220858895705 0.15
bionade-symbol 0.3834355828220859 0.15166666666666667 0.4371165644171779 0.17
bionade-symbol 0.22392638036809817 0.17333333333333334 0.28067484662576686 0.195
bionade-symbol 0.6058282208588958 0.13833333333333334 0.6303680981595092 0.17
bionade 0.2837423312883436 0.17 0.3619631901840491 0.21333333333333335
bionade-symbol 0.46932515337423314 0.16333333333333333 0.49233128834355827 0.19