bionade 0.8348017621145375 0.15638766519823788 0.9361233480176211 0.21806167400881057
bionade 0.07268722466960352 0.10352422907488987 0.1894273127753304 0.16740088105726872
bionade 0.7775330396475771 0.6343612334801763 0.9911894273127754 0.7180616740088106
bionade 0.00881057268722467 0.6453744493392071 0.2488986784140969 0.73568281938326
bionade 0.46255506607929514 0.6079295154185022 0.7422907488986784 0.7555066079295154
bionade 0.27973568281938327 0.6035242290748899 0.3766519823788546 0.7268722466960352
bionade-symbol 0.42731277533039647 0.5022026431718062 0.44713656387665196 0.5176211453744494
bionade-symbol 0.3700440528634361 0.5110132158590308 0.3854625550660793 0.5308370044052864
bionade-symbol 0.4669603524229075 0.5176211453744494 0.4801762114537445 0.5352422907488987
bionade-symbol 0.486784140969163 0.4933920704845815 0.5044052863436124 0.5088105726872246
bionade-symbol 0.539647577092511 0.486784140969163 0.5572687224669604 0.5044052863436124
bionade-symbol 0.5242290748898678 0.5110132158590308 0.539647577092511 0.526431718061674
bionade-symbol 0.5814977973568282 0.5044052863436124 0.5991189427312775 0.5154185022026432
bionade-symbol 0.5969162995594713 0.4801762114537445 0.6123348017621145 0.4955947136563877
bionade-symbol 0.6387665198237885 0.4933920704845815 0.6563876651982379 0.5088105726872246