bionade 0.11 0.035 0.2 0.11
bionade 0.28 0.055 0.36 0.135
bionade 0.45 0.205 0.5233333333333333 0.27
bionade 0.6166666666666667 0.08 0.69 0.155
bionade 0.7666666666666667 0.035 0.8433333333333334 0.11
bionade 0.9 0.23 0.9766666666666667 0.315
bionade 0.0033333333333333335 0.255 0.07666666666666666 0.365
bionade 0.09333333333333334 0.755 0.24666666666666667 0.9
bionade 0.19 0.545 0.2733333333333333 0.64
bionade 0.27666666666666667 0.565 0.42 0.65
bionade 0.43333333333333335 0.665 0.5866666666666667 0.765
bionade 0.58 0.55 0.7266666666666667 0.645
bionade 0.73 0.515 0.8266666666666667 0.595
bionade 0.78 0.715 0.94 0.84