bionade 0.28793103448275864 0.13055555555555556 0.503448275862069 0.28055555555555556
bionade 0.7775862068965518 0.25833333333333336 0.9827586206896551 1.0
bionade 0.44655172413793104 0.3388888888888889 0.7293103448275862 0.4888888888888889
bionade 0.6293103448275862 0.5388888888888889 0.6620689655172414 0.5722222222222222
bionade 0.453448275862069 0.5527777777777778 0.5896551724137931 0.6138888888888889
bionade 0.20689655172413793 0.4861111111111111 0.36724137931034484 0.5888888888888889
bionade 0.5862068965517241 0.8027777777777778 0.6396551724137931 0.8305555555555556
bionade 0.5258620689655172 0.8055555555555556 0.5862068965517241 0.8361111111111111
bionade 0.6758620689655173 0.7972222222222223 0.7362068965517241 0.8333333333333334
bionade 0.7620689655172413 0.8 0.8103448275862069 0.8388888888888889
bionade 0.6275862068965518 0.7361111111111112 0.6793103448275862 0.7694444444444445