bionade 0.2422907488986784 0.5506607929515418 0.5748898678414097 0.7136563876651982
bionade 0.030837004405286344 0.5704845814977973 0.1211453744493392 0.6784140969162996
bionade 0.737885462555066 0.6255506607929515 0.960352422907489 0.711453744493392
bionade 0.7951541850220264 0.10572687224669604 0.9030837004405287 0.17841409691629956
bionade 0.1828193832599119 0.3832599118942731 0.22466960352422907 0.41409691629955947
bionade-symbol 0.2422907488986784 0.3700440528634361 0.28193832599118945 0.3854625550660793
bionade-symbol 0.13876651982378854 0.3832599118942731 0.17841409691629956 0.3986784140969163
bionade-symbol 0.0881057268722467 0.3590308370044053 0.11674008810572688 0.3744493392070485
bionade-symbol 0.1894273127753304 0.3458149779735683 0.22026431718061673 0.3568281938325991
bionade-symbol 0.28193832599118945 0.33480176211453744 0.30837004405286345 0.3458149779735683
bionade-symbol 0.3436123348017621 0.3568281938325991 0.3722466960352423 0.3722466960352423
bionade-symbol 0.43612334801762115 0.3458149779735683 0.46916299559471364 0.3568281938325991
bionade 0.28193832599118945 0.3766519823788546 0.31938325991189426 0.3986784140969163
bionade 0.3788546255506608 0.3634361233480176 0.4118942731277533 0.3876651982378855