bionade 0.21484375 0.27798507462686567 0.2548828125 0.32649253731343286
bionade 0.291015625 0.24813432835820895 0.3349609375 0.2947761194029851
bionade 0.3759765625 0.21455223880597016 0.4267578125 0.26865671641791045
bionade 0.474609375 0.16417910447761194 0.529296875 0.22761194029850745
bionade 0.5771484375 0.20335820895522388 0.6259765625 0.2667910447761194
bionade 0.66796875 0.2462686567164179 0.7119140625 0.29850746268656714
bionade 0.7490234375 0.27425373134328357 0.7880859375 0.31902985074626866
bionade 0.1962890625 0.5970149253731343 0.275390625 0.6548507462686567
bionade 0.2724609375 0.6026119402985075 0.3564453125 0.664179104477612
bionade 0.353515625 0.6175373134328358 0.44921875 0.6884328358208955
bionade 0.4462890625 0.621268656716418 0.5576171875 0.6996268656716418
bionade 0.5537109375 0.621268656716418 0.650390625 0.6884328358208955
bionade 0.6513671875 0.6026119402985075 0.73046875 0.664179104477612
bionade 0.7333984375 0.5970149253731343 0.80859375 0.6529850746268657