gillette 0.23596491228070177 0.3230994152046784 0.25 0.39766081871345027
hydro 0.45964912280701753 0.3391812865497076 0.525438596491228 0.36988304093567254
venus 0.7114035087719298 0.260233918128655 0.8035087719298246 0.4502923976608187
gillette 0.7394736842105263 0.260233918128655 0.7701754385964912 0.34502923976608185
venus 0.6236842105263158 0.2997076023391813 0.6824561403508772 0.4956140350877193
gillette 0.6333333333333333 0.31140350877192985 0.6517543859649123 0.3932748538011696
gillette 0.7192982456140351 0.19005847953216373 0.7456140350877193 0.21052631578947367
gillette 0.8789473684210526 0.19005847953216373 0.9070175438596492 0.21783625730994152
venus 0.8114035087719298 0.5321637426900585 0.8359649122807018 0.5804093567251462
venus 0.3087719298245614 0.5190058479532164 0.31842105263157894 0.554093567251462
schick 0.4649122807017544 0.29239766081871343 0.5263157894736842 0.34210526315789475
schick 0.5710526315789474 0.4108187134502924 0.5824561403508772 0.45614035087719296