velveeta 0.3205882352941177 0.03 0.4073529411764706 0.06
velveeta 0.3352941176470588 0.24333333333333335 0.4161764705882353 0.2688888888888889
velveeta 0.22058823529411764 0.43222222222222223 0.2985294117647059 0.45555555555555555
velveeta 0.34411764705882353 0.43333333333333335 0.42058823529411765 0.45555555555555555
velveeta 0.011764705882352941 0.47 0.08823529411764706 0.49444444444444446
velveeta 0.07058823529411765 0.6488888888888888 0.14558823529411766 0.6733333333333333
velveeta 0.36764705882352944 0.6122222222222222 0.4441176470588235 0.6322222222222222
velveeta 0.17794117647058824 0.76 0.24558823529411763 0.7844444444444445
velveeta 0.28823529411764703 0.7622222222222222 0.3779411764705882 0.7866666666666666
velveeta 0.41323529411764703 0.7622222222222222 0.4970588235294118 0.7888888888888889
velveeta 0.16029411764705884 0.8266666666666667 0.24411764705882352 0.8488888888888889
velveeta 0.2911764705882353 0.8255555555555556 0.3764705882352941 0.8522222222222222
velveeta 0.41323529411764703 0.8277777777777777 0.49558823529411766 0.8533333333333334
velveeta 0.37941176470588234 0.9388888888888889 0.47352941176470587 0.9666666666666667
velveeta 0.004411764705882353 0.9611111111111111 0.07794117647058824 0.9877777777777778
a1 0.9205882352941176 0.008888888888888889 0.95 0.03888888888888889
jackdaniels 0.5294117647058824 0.16 0.5808823529411765 0.17666666666666667
kraft 0.6823529411764706 0.16 0.711764705882353 0.16777777777777778
kraft 0.7470588235294118 0.15888888888888889 0.7764705882352941 0.16666666666666666
kraft 0.8205882352941176 0.15888888888888889 0.85 0.16777777777777778
kraft 0.8911764705882353 0.15777777777777777 0.9235294117647059 0.16555555555555557
kraft 0.9573529411764706 0.15666666666666668 0.9882352941176471 0.16555555555555557
a1 0.9691176470588235 0.012222222222222223 0.9941176470588236 0.042222222222222223
miraclewhip 0.6176470588235294 0.85 0.6529411764705882 0.8833333333333333