kraft 0.019138755980861243 0.28187919463087246 0.05741626794258373 0.31543624161073824
planters 0.09090909090909091 0.5704697986577181 0.21690590111642744 0.6711409395973155
oscarmayer 0.2567783094098884 0.5536912751677853 0.30462519936204147 0.6409395973154363
kraft 0.39872408293460926 0.8120805369127517 0.44019138755980863 0.8422818791946308
oreo 0.6331738437001595 0.4798657718120805 0.8548644338118022 0.6375838926174496
triscuit 0.6698564593301436 0.19798657718120805 0.8708133971291866 0.32550335570469796
ritz 0.4433811802232855 0.15436241610738255 0.6267942583732058 0.4697986577181208
teddygrahams 0.23444976076555024 0.18456375838926176 0.40669856459330145 0.40268456375838924
nabisco 0.20733652312599682 0.15771812080536912 0.24720893141945774 0.23154362416107382
nabisco 0.38596491228070173 0.030201342281879196 0.4354066985645933 0.11073825503355705
nabisco 0.6650717703349283 0.0738255033557047 0.7001594896331739 0.14429530201342283
nabisco 0.5869218500797448 0.3691275167785235 0.6443381180223285 0.47315436241610737