kraft 0.06433333333333334 0.3287128712871287 0.08166666666666667 0.3471947194719472
kraft 0.154 0.2877887788778878 0.16533333333333333 0.300990099009901
kraft 0.16333333333333333 0.47062706270627064 0.18266666666666667 0.49834983498349833
kraft 0.06833333333333333 0.4389438943894389 0.10133333333333333 0.46864686468646866
kraft 0.08033333333333334 0.5623762376237624 0.10833333333333334 0.5907590759075908
kraft 0.08766666666666667 0.667986798679868 0.11466666666666667 0.6917491749174918
kraft 0.23633333333333334 0.44224422442244227 0.25066666666666665 0.4561056105610561
kraft 0.29033333333333333 0.3207920792079208 0.295 0.3485148514851485
kraft 0.215 0.4 0.22733333333333333 0.4145214521452145
kraft 0.175 0.4151815181518152 0.183 0.429042904290429
kraft 0.17833333333333334 0.15313531353135312 0.19766666666666666 0.17491749174917492
kraft 0.15833333333333333 0.7089108910891089 0.18066666666666667 0.7313531353135313
kraft 0.19733333333333333 0.6805280528052805 0.21 0.6937293729372938
kraft 0.20333333333333334 0.5643564356435643 0.216 0.5775577557755776
kraft 0.23766666666666666 0.5795379537953795 0.25033333333333335 0.5900990099009901
kraft 0.17766666666666667 0.6026402640264027 0.18833333333333332 0.6198019801980198
kraft 0.148 0.4726072607260726 0.159 0.5062706270627063
kraft 0.11566666666666667 0.3240924092409241 0.12166666666666667 0.33861386138613864
kraft 0.13233333333333333 0.3023102310231023 0.13833333333333334 0.31551155115511553
kraft 0.14366666666666666 0.3425742574257426 0.15466666666666667 0.35181518151815183
kraft 0.18 0.3485148514851485 0.18666666666666668 0.3603960396039604
kraft 0.19133333333333333 0.3287128712871287 0.19733333333333333 0.3372937293729373
kraft 0.264 0.2778877887788779 0.274 0.2851485148514851
kraft 0.202 0.3095709570957096 0.20733333333333334 0.3174917491749175
kraft 0.16366666666666665 0.23564356435643563 0.16966666666666666 0.2462046204620462
kraft 0.24633333333333332 0.3768976897689769 0.253 0.38679867986798677
kraft 0.2906666666666667 0.3795379537953795 0.2976666666666667 0.39075907590759074
caprisun 0.3426666666666667 0.2778877887788779 0.36466666666666664 0.30033003300330036
caprisun 0.3466666666666667 0.33003300330033003 0.37233333333333335 0.34983498349834985
caprisun 0.351 0.38679867986798677 0.376 0.403960396039604
caprisun 0.36133333333333334 0.4528052805280528 0.379 0.48052805280528055
caprisun 0.37066666666666664 0.5617161716171617 0.38533333333333336 0.5927392739273928
caprisun 0.337 0.7445544554455445 0.358 0.7623762376237624
caprisun 0.33666666666666667 0.6983498349834983 0.354 0.7141914191419142
caprisun 0.338 0.6475247524752475 0.35 0.664026402640264
caprisun 0.3373333333333333 0.596039603960396 0.345 0.6125412541254125
caprisun 0.3363333333333333 0.44224422442244227 0.3576666666666667 0.46996699669966996
caprisun 0.368 0.5188118811881188 0.37433333333333335 0.5399339933993399
caprisun 0.37633333333333335 0.6112211221122112 0.3893333333333333 0.6448844884488449
caprisun 0.379 0.6580858085808581 0.392 0.6858085808580858
caprisun 0.38333333333333336 0.6983498349834983 0.394 0.73003300330033
koolaid 0.37533333333333335 0.4877887788778878 0.4 0.5168316831683168
koolaid 0.389 0.5432343234323432 0.411 0.5656765676567657
koolaid 0.39166666666666666 0.5966996699669967 0.4136666666666667 0.6257425742574257
koolaid 0.439 0.5471947194719472 0.4633333333333333 0.574917491749175
koolaid 0.441 0.6085808580858085 0.4646666666666667 0.6316831683168317
koolaid 0.39466666666666667 0.6521452145214521 0.41633333333333333 0.6752475247524753
koolaid 0.4703333333333333 0.43696369636963694 0.49 0.46072607260726073
koolaid 0.398 0.7049504950495049 0.419 0.7273927392739274
koolaid 0.40166666666666667 0.7557755775577558 0.422 0.7768976897689769
koolaid 0.44233333333333336 0.664026402640264 0.4653333333333333 0.6897689768976898
koolaid 0.44466666666666665 0.7174917491749175 0.4666666666666667 0.7425742574257426
koolaid 0.447 0.7716171617161716 0.4683333333333333 0.7966996699669967
koolaid 0.49533333333333335 0.5537953795379538 0.521 0.5834983498349835
koolaid 0.49566666666666664 0.6138613861386139 0.52 0.6422442244224422
koolaid 0.495 0.6732673267326733 0.52 0.6976897689768977
koolaid 0.49633333333333335 0.7280528052805281 0.5203333333333333 0.7498349834983499
koolaid 0.497 0.7828382838283828 0.521 0.8066006600660066
koolaid 0.5186666666666667 0.4389438943894389 0.539 0.4613861386138614
koolaid 0.5193333333333333 0.3834983498349835 0.5413333333333333 0.4099009900990099
koolaid 0.44533333333333336 0.35973597359735976 0.46266666666666667 0.3815181518151815
koolaid 0.49166666666666664 0.502970297029703 0.5016666666666667 0.5214521452145214
koolaid 0.5436666666666666 0.5075907590759076 0.5523333333333333 0.524092409240924
koolaid 0.558 0.42178217821782177 0.5866666666666667 0.4528052805280528
koolaid 0.555 0.49174917491749176 0.583 0.5181518151815182
koolaid 0.554 0.5557755775577558 0.5823333333333334 0.5834983498349835
koolaid 0.5533333333333333 0.6198019801980198 0.58 0.6435643564356436
koolaid 0.5516666666666666 0.6785478547854785 0.5786666666666667 0.7023102310231023
koolaid 0.5526666666666666 0.7333333333333333 0.578 0.7597359735973598
koolaid 0.552 0.7907590759075908 0.577 0.8158415841584158
kraft 0.737 0.634983498349835 0.7466666666666667 0.6448844884488449
kraft 0.7836666666666666 0.6303630363036303 0.7926666666666666 0.6396039603960396
kraft 0.825 0.6250825082508251 0.833 0.633003300330033
kraft 0.86 0.6059405940594059 0.8696666666666667 0.6145214521452145
kraft 0.9253333333333333 0.5966996699669967 0.9346666666666666 0.6046204620462046
kraft 0.748 0.7366336633663366 0.7563333333333333 0.7445544554455445
kraft 0.7883333333333333 0.7293729372937293 0.7973333333333333 0.7372937293729372
kraft 0.829 0.7181518151815182 0.8373333333333334 0.7273927392739274
kraft 0.8736666666666667 0.7214521452145215 0.884 0.7326732673267327
kraft 0.9403333333333334 0.7003300330033003 0.9493333333333334 0.7089108910891089
kraft 0.7513333333333333 0.833003300330033 0.7606666666666667 0.8415841584158416
kraft 0.7913333333333333 0.8257425742574257 0.8003333333333333 0.8336633663366336
kraft 0.8306666666666667 0.8158415841584158 0.8393333333333334 0.8237623762376237
kraft 0.8736666666666667 0.8132013201320132 0.8846666666666667 0.8237623762376237
kraft 0.941 0.7920792079207921 0.9513333333333334 0.803960396039604
kraft 0.877 0.9082508250825082 0.8873333333333333 0.9188118811881189
kraft 0.941 0.8858085808580858 0.9516666666666667 0.8943894389438944
kraft 0.753 0.93003300330033 0.7623333333333333 0.9386138613861386
kraft 0.793 0.9207920792079208 0.8016666666666666 0.9293729372937294
kraft 0.8326666666666667 0.9075907590759076 0.8406666666666667 0.9168316831683169
kraft 0.944 0.9735973597359736 0.9526666666666667 0.9841584158415841
kraft 0.7186666666666667 0.25346534653465347 0.7356666666666667 0.26732673267326734
kraft 0.718 0.35247524752475246 0.7356666666666667 0.36765676567656763
kraft 0.7213333333333334 0.4528052805280528 0.7386666666666667 0.46534653465346537
kraft 0.8146666666666667 0.36303630363036304 0.8286666666666667 0.37293729372937295
kraft 0.808 0.29504950495049503 0.8193333333333334 0.3056105610561056
kraft 0.8176666666666667 0.4448844884488449 0.8303333333333334 0.4561056105610561
kraft 0.884 0.2943894389438944 0.8936666666666667 0.30429042904290426
kraft 0.8976666666666666 0.3590759075907591 0.9106666666666666 0.3696369636963696
kraft 0.8996666666666666 0.4376237623762376 0.911 0.44818481848184816