kraft 0.06526315789473684 0.41975308641975306 0.15578947368421053 0.4722222222222222
ritz 0.18736842105263157 0.3425925925925926 0.3094736842105263 0.5493827160493827
oreo 0.33052631578947367 0.33024691358024694 0.5052631578947369 0.46296296296296297
nabisco 0.12421052631578948 0.2654320987654321 0.1726315789473684 0.3487654320987654
nabisco 0.32210526315789473 0.2993827160493827 0.3663157894736842 0.38271604938271603
nabisco 0.5157894736842106 0.2993827160493827 0.5452631578947369 0.3487654320987654
kraft 0.5536842105263158 0.5895061728395061 0.6042105263157894 0.6172839506172839
kraft 0.7073684210526315 0.46296296296296297 0.751578947368421 0.49074074074074076
chipsahoy 0.5347368421052632 0.32098765432098764 0.6694736842105263 0.4537037037037037
nabisco 0.7242105263157895 0.31790123456790126 0.7663157894736842 0.3395061728395062
chipsahoy 0.6547368421052632 0.28703703703703703 0.7326315789473684 0.32098765432098764
maxwellhouse 0.8126315789473684 0.5771604938271605 0.9536842105263158 0.7098765432098766
velveeta 0.6484210526315789 0.4660493827160494 0.8063157894736842 0.5802469135802469
kraft 0.4694736842105263 0.5092592592592593 0.5368421052631579 0.5555555555555556
velveeta 0.6336842105263157 0.41975308641975306 0.7242105263157895 0.46296296296296297