philadelphia 0.3967391304347826 0.05 0.4608695652173913 0.728125
heinz 0.3076086956521739 0.140625 0.39456521739130435 0.240625
kraft 0.15108695652173912 0.178125 0.18695652173913044 0.234375
kraft 0.6315217391304347 0.1625 0.6934782608695652 0.284375
jello 0.9141304347826087 0.003125 1.0 0.8125
heinz 0.8239130434782609 0.003125 0.9315217391304348 0.096875
kraft 0.7326086956521739 0.003125 0.8271739130434783 0.20625
kraft 0.5717391304347826 0.509375 0.65 0.628125
renee 0.20978260869565218 0.08125 0.2967391304347826 0.2125
miraclewhip 0.11847826086956521 0.2 0.2141304347826087 0.484375
crackerbarrel 0.0010869565217391304 0.31875 0.06086956521739131 0.86875