kraft 0.018223234624145785 0.047619047619047616 0.07517084282460136 0.07142857142857142
oreo 0.01366742596810934 0.05952380952380952 0.214123006833713 0.16666666666666666
kraft 0.2870159453302961 0.09821428571428571 0.32801822323462415 0.11904761904761904
kraft 0.5535307517084282 0.13095238095238096 0.5968109339407744 0.15476190476190477
kraft 0.7539863325740319 0.020833333333333332 0.7835990888382688 0.044642857142857144
kraft 0.7562642369020501 0.14583333333333334 0.7881548974943052 0.1636904761904762
kraft 0.7585421412300684 0.2648809523809524 0.785876993166287 0.2857142857142857
kraft 0.5808656036446469 0.40476190476190477 0.642369020501139 0.4375
kraft 0.5876993166287016 0.5595238095238095 0.6469248291571754 0.5892857142857143
kraft 0.5899772209567198 0.7172619047619048 0.6537585421412301 0.7440476190476191
kraft 0.5968109339407744 0.8660714285714286 0.6583143507972665 0.8958333333333334
kraft 0.0683371298405467 0.7172619047619048 0.11617312072892938 0.7559523809523809
kraft 0.13895216400911162 0.39880952380952384 0.17312072892938496 0.4166666666666667
kraft 0.3097949886104784 0.39285714285714285 0.35079726651480636 0.41369047619047616
oreo 0.15034168564920272 0.2767857142857143 0.21184510250569477 0.3005952380952381
oreo 0.28929384965831434 0.13095238095238096 0.40774487471526194 0.19345238095238096
oreo 0.55125284738041 0.16071428571428573 0.6560364464692483 0.2113095238095238
oreo 0.7790432801822323 0.02976190476190476 0.908883826879271 0.09821428571428571
oreo 0.785876993166287 0.15773809523809523 0.9134396355353075 0.22321428571428573
oreo 0.785876993166287 0.2767857142857143 0.8861047835990888 0.3273809523809524
oreo 0.642369020501139 0.39880952380952384 0.8542141230068337 0.5029761904761905
oreo 0.6537585421412301 0.5595238095238095 0.856492027334852 0.6607142857142857
oreo 0.6492027334851936 0.7232142857142857 0.8519362186788155 0.8125
oreo 0.6697038724373576 0.8779761904761905 0.826879271070615 0.9583333333333334
oreo 0.14123006833712984 0.41964285714285715 0.2642369020501139 0.49404761904761907
oreo 0.3143507972665148 0.41369047619047616 0.43735763097949887 0.49404761904761907
oreo 0.10250569476082004 0.7291666666666666 0.33940774487471526 0.8630952380952381
kraft 0.1252847380410023 0.27976190476190477 0.14350797266514806 0.2916666666666667