philadelphia 0.27125 0.03281519861830743 0.49375 0.1157167530224525
kraft 0.3525 0.0017271157167530224 0.415 0.022452504317789293
kraft 0.2375 0.27979274611398963 0.33 0.34196891191709844
kraft 0.58625 0.35578583765112265 0.65375 0.39378238341968913
kraft 0.2625 0.47150259067357514 0.33375 0.5146804835924007
kraft 0.11625 0.4265975820379965 0.19625 0.48877374784110533
velveeta 0.2625 0.7875647668393783 0.62375 0.9620034542314335
kraft 0.3975 0.46113989637305697 0.43625 0.48704663212435234
miraclewhip 0.3975 0.4853195164075993 0.54 0.687392055267703
velveeta 0.73625 0.45768566493955093 0.9475 0.5474956822107081
kraft 0.86 0.8186528497409327 0.93375 0.8791018998272885
kraft 0.00125 0.7322970639032815 0.0625 0.8031088082901554