kraft 0.0036900369003690036 0.0033112582781456954 0.2656826568265683 0.16887417218543047
kraft 0.17896678966789667 0.28807947019867547 0.2158671586715867 0.31125827814569534
kraft 0.24538745387453875 0.32781456953642385 0.2785977859778598 0.3543046357615894
jello 0.514760147601476 0.6556291390728477 0.5553505535055351 0.6887417218543046
jello 0.503690036900369 0.7251655629139073 0.5461254612546126 0.7615894039735099
planters 0.6734317343173432 0.6986754966887417 0.7306273062730627 0.7350993377483444
kraft 0.8579335793357934 0.8609271523178808 0.8856088560885609 0.8807947019867549
planters 0.6808118081180812 0.8576158940397351 0.7214022140221402 0.8973509933774835
stovetop 0.514760147601476 0.8509933774834437 0.5571955719557196 0.9172185430463576
philadelphia 0.0036900369003690036 0.9139072847682119 0.04797047970479705 0.9503311258278145
philadelphia 0.005535055350553505 0.847682119205298 0.04428044280442804 0.8774834437086093
maxwellhouse 0.41697416974169743 0.36423841059602646 0.46309963099630996 0.4304635761589404
maxwellhouse 0.35608856088560886 0.32781456953642385 0.3966789667896679 0.39072847682119205
velveeta 0.16789667896678967 0.6556291390728477 0.2158671586715867 0.695364238410596