greatvalue 0.16307692307692306 0.2537165510406343 0.23076923076923078 0.30921704658077304
greatvalue 0.3130769230769231 0.2616451932606541 0.3853846153846154 0.3151635282457879
greatvalue 0.43 0.2616451932606541 0.49615384615384617 0.31615460852329036
greatvalue 0.1723076923076923 0.5708622398414271 0.2453846153846154 0.6253716551040635
greatvalue 0.33153846153846156 0.574826560951437 0.3984615384615385 0.6303270564915758
greatvalue 0.45153846153846156 0.5718533201189296 0.5246153846153846 0.6293359762140733
kraft 0.6184615384615385 0.6194251734390486 0.6707692307692308 0.6491575817641229
kraft 0.6184615384615385 0.3815659068384539 0.6715384615384615 0.41129831516352827
kraft 0.03230769230769231 0.4588701684836472 0.08153846153846153 0.48662041625371655
kraft 0.04153846153846154 0.5232903865213082 0.09692307692307692 0.5589692765113974
kraft 0.7930769230769231 0.3855302279484638 0.8453846153846154 0.4132804757185332
kraft 0.7853846153846153 0.622398414271556 0.8376923076923077 0.6491575817641229
kraft 0.926923076923077 0.578790882061447 0.9407692307692308 0.6025768087215064
kraft 0.9761538461538461 0.3855302279484638 1.0 0.41526263627353815
kraft 0.8876923076923077 0.5480673934588701 0.9184615384615384 0.5718533201189296
cheezwhiz 0.5884615384615385 0.4043607532210109 0.686923076923077 0.49256689791873143
cheezwhiz 0.7638461538461538 0.40733399405351833 0.8592307692307692 0.4886025768087215
cheezwhiz 0.5923076923076923 0.6422200198216056 0.686923076923077 0.7215064420218038
cheezwhiz 0.7515384615384615 0.643211100099108 0.8523076923076923 0.7234886025768087