coca-cola 0.5932055749128919 0.2719240837696335 0.6515679442508711 0.3069371727748691
coca-cola 0.7635017421602788 0.24640052356020942 0.8194686411149826 0.281413612565445
coca-cola 0.797691637630662 0.574607329842932 0.8521341463414634 0.6050392670157068
bifi 0.46581010452961674 0.7552356020942408 0.4893292682926829 0.7702879581151832
bifi 0.5293989547038328 0.7640706806282722 0.5533536585365854 0.7784685863874345
bifi 0.4213850174216028 0.7558900523560209 0.4372822299651568 0.7679973821989529
bifi 0.375 0.7509816753926701 0.3904616724738676 0.7647251308900523
bifi 0.537020905923345 0.7483638743455497 0.5574912891986062 0.7591623036649214
pringles 0.5198170731707317 0.46956806282722513 0.537020905923345 0.4898560209424084
pringles 0.5383275261324042 0.47022251308900526 0.5557491289198606 0.4905104712041885
pringles 0.5592334494773519 0.47153141361256545 0.5770905923344948 0.4911649214659686
pringles 0.38828397212543553 0.468913612565445 0.40461672473867594 0.48527486910994766
pringles 0.3673780487804878 0.4676047120418848 0.3828397212543554 0.48658376963350786
pringles 0.42639372822299654 0.47284031413612565 0.4409843205574913 0.48920157068062825
pringles 0.4636324041811847 0.4734947643979058 0.47844076655052264 0.49214659685863876
pringles 0.48257839721254353 0.4734947643979058 0.4980400696864111 0.4898560209424084
pringles 0.5013066202090593 0.47414921465968585 0.5152439024390244 0.49345549738219896
pringles 0.4422909407665505 0.4731675392670157 0.4575348432055749 0.4918193717277487