esso-text 0.6708333333333333 0.13625 0.8283333333333334 0.21375
esso 0.41583333333333333 0.66625 0.455 0.72625
esso 0.13833333333333334 0.14 0.22083333333333333 0.225
lotto 0.2825 0.71 0.33166666666666667 0.7675
lotto 0.9566666666666667 0.58375 0.9816666666666667 0.59625
lotto 0.49333333333333335 0.5825 0.5241666666666667 0.59375
lotto 0.5383333333333333 0.5825 0.565 0.59625
esso 0.355 0.735 0.37583333333333335 0.75625
mobil 0.13416666666666666 0.49625 0.19833333333333333 0.52625
tigerwash 0.14 0.44375 0.2175 0.4825
tschibo 0.13166666666666665 0.25125 0.15666666666666668 0.2775