pampers 0.6916666666666667 0.2733333333333333 0.7783333333333333 0.36666666666666664
pampers 0.705 0.52 0.7683333333333333 0.6688888888888889
pampers 0.9516666666666667 0.5244444444444445 1.0 0.7266666666666667
pampers 0.605 0.8266666666666667 0.6983333333333334 0.9511111111111111
pampers 0.4716666666666667 0.7866666666666666 0.5366666666666666 0.8755555555555555
pampers 0.365 0.7555555555555555 0.4166666666666667 0.8288888888888889
pampers 0.49333333333333335 0.5311111111111111 0.56 0.6155555555555555
pampers 0.38 0.5311111111111111 0.43 0.5977777777777777
pampers 0.61 0.30666666666666664 0.6683333333333333 0.3622222222222222
pampers 0.6016666666666667 0.08 0.6616666666666666 0.13333333333333333
pampers 0.4166666666666667 0.15777777777777777 0.4633333333333333 0.2111111111111111
pampers 0.79 0.0022222222222222222 0.8433333333333334 0.10666666666666667
pampers 0.31166666666666665 0.5311111111111111 0.3516666666666667 0.5822222222222222
pampers 0.29833333333333334 0.7177777777777777 0.33666666666666667 0.7755555555555556