pampers 0.31466666666666665 0.11804008908685969 0.4093333333333333 0.22717149220489977
pampers 0.516 0.10244988864142539 0.62 0.22048997772828507
pampers 0.7106666666666667 0.14699331848552338 0.8533333333333334 0.24944320712694878
pampers 0.7173333333333334 0.5011135857461024 0.8546666666666667 0.6258351893095768
pampers 0.5093333333333333 0.49888641425389757 0.612 0.5902004454342984
pampers 0.3253333333333333 0.45657015590200445 0.412 0.5590200445434298
pampers 0.196 0.41870824053452116 0.272 0.512249443207127
pampers 0.06666666666666667 0.41648106904231624 0.13466666666666666 0.5100222717149221
pampers 0.07333333333333333 0.8151447661469933 0.15333333333333332 0.8775055679287305
sesamestreet 0.6666666666666666 0.3518930957683742 0.6933333333333334 0.39198218262806234
sesamestreet 0.6653333333333333 0.732739420935412 0.6893333333333334 0.7750556792873051
sesamestreet 0.452 0.34743875278396436 0.4746666666666667 0.38752783964365256
sesamestreet 0.29733333333333334 0.34075723830734966 0.31466666666666665 0.37639198218262804
sesamestreet 0.452 0.6859688195991092 0.472 0.7238307349665924
sesamestreet 0.308 0.6280623608017817 0.32266666666666666 0.6659242761692651
sesamestreet 0.156 0.3363028953229399 0.17333333333333334 0.3674832962138085
pampers 0.188 0.133630289532294 0.26666666666666666 0.23608017817371937
pampers 0.05733333333333333 0.1603563474387528 0.124 0.2516703786191537
sesamestreet 0.16666666666666666 0.5991091314031181 0.18133333333333335 0.6325167037861915
pampers 0.39066666666666666 0.0022271714922048997 0.416 0.0779510022271715
sesamestreet 0.904 0.39420935412026725 0.9453333333333334 0.42316258351893093
pampers 0.034666666666666665 0.5746102449888641 0.05466666666666667 0.6080178173719376
sesamestreet 0.908 0.7884187082405345 0.9466666666666667 0.8307349665924276