uniqlo 0.5078125 0.216796875 0.5576171875 0.2880859375
uniqlo1 0.349609375 0.2275390625 0.384765625 0.294921875
topshop 0.4755859375 0.59765625 0.5712890625 0.630859375
topshop 0.333984375 0.5986328125 0.4013671875 0.634765625
uniqlo1 0.337890625 0.4619140625 0.361328125 0.4931640625
uniqlo 0.361328125 0.455078125 0.3779296875 0.4892578125
uniqlo1 0.5146484375 0.3369140625 0.5390625 0.369140625
uniqlo 0.544921875 0.3427734375 0.56640625 0.376953125
uniqlo1 0.5146484375 0.4521484375 0.5400390625 0.4814453125
uniqlo 0.54296875 0.458984375 0.564453125 0.4892578125
uniqlo1 0.697265625 0.3935546875 0.7158203125 0.4228515625
uniqlo 0.720703125 0.40234375 0.7353515625 0.427734375
uniqlo1 0.6962890625 0.4931640625 0.716796875 0.5224609375
uniqlo 0.716796875 0.5 0.734375 0.52734375
uniqlo1 0.8603515625 0.447265625 0.8740234375 0.47265625
uniqlo 0.8740234375 0.4521484375 0.8896484375 0.478515625
uniqlo 0.8759765625 0.541015625 0.8896484375 0.5634765625
uniqlo1 0.8603515625 0.53515625 0.875 0.55859375
uniqlo1 0.8544921875 0.595703125 0.869140625 0.615234375
uniqlo 0.875 0.5986328125 0.890625 0.619140625
columbia-text 0.71875 0.7099609375 0.75 0.7236328125
columbia 0.7099609375 0.7109375 0.7197265625 0.7275390625
topshop 0.0703125 0.6591796875 0.103515625 0.6796875
topshop 0.3447265625 0.7236328125 0.38671875 0.73828125