uniqlo 0.747072599531616 0.4359375 0.8114754098360656 0.48046875
uniqlo1 0.6662763466042154 0.43359375 0.7318501170960188 0.4796875
uniqlo 0.8290398126463701 0.6421875 0.8559718969555035 0.66484375
uniqlo1 0.43676814988290397 0.628125 0.4718969555035129 0.6515625
uniqlo 0.43911007025761123 0.6578125 0.4718969555035129 0.67890625
uniqlo1 0.8278688524590164 0.6203125 0.8571428571428571 0.6421875
uniqlo1 0.10772833723653395 0.69453125 0.14754098360655737 0.72109375
uniqlo 0.10421545667447307 0.728125 0.148711943793911 0.7546875
uniqlo 0.2892271662763466 0.69375 0.31030444964871196 0.709375
uniqlo1 0.265807962529274 0.69453125 0.28805620608899296 0.70859375
uniqlo1 0.509367681498829 0.6296875 0.5433255269320844 0.6515625
uniqlo 0.5187353629976581 0.69453125 0.5819672131147541 0.7375
uniqlo1 0.4379391100702576 0.696875 0.5081967213114754 0.7359375