uniqlo1 0.4487489911218725 0.553125 0.4963680387409201 0.6
uniqlo1 0.28652138821630346 0.1546875 0.32929782082324455 0.28125
uniqlo1 0.6190476190476191 0.0171875 0.6747376916868443 0.1890625
uniqlo 0.5149313962873285 0.55390625 0.5601291364003228 0.60078125
uniqlo 0.34221146085552867 0.01875 0.39951573849878935 0.19609375
uniqlo 0.6844229217110573 0.140625 0.7263922518159807 0.27421875
uniqlo1 0.06295399515738499 0.73125 0.08313155770782889 0.74609375
uniqlo 0.06376109765940274 0.75078125 0.08313155770782889 0.7640625
rossmann 0.03066989507667474 0.77265625 0.04439063761097659 0.78671875
o2 0.04439063761097659 0.765625 0.057304277643260695 0.7734375
uniqlo1 0.9297820823244553 0.7265625 0.9499596448748991 0.740625
uniqlo 0.930589184826473 0.7453125 0.9499596448748991 0.7578125