uniqlo1 0.5340425531914894 0.5403846153846154 0.5606382978723404 0.6019230769230769
uniqlo 0.5627659574468085 0.5538461538461539 0.5872340425531914 0.6134615384615385
uniqlo 0.44468085106382976 0.5442307692307692 0.4648936170212766 0.6019230769230769
uniqlo1 0.42127659574468085 0.5576923076923077 0.44148936170212766 0.6134615384615385
uniqlo 0.44574468085106383 0.7346153846153847 0.4797872340425532 0.8346153846153846
uniqlo1 0.5170212765957447 0.7365384615384616 0.5563829787234043 0.8365384615384616
uniqlo 0.4 0.7788461538461539 0.41702127659574467 0.8192307692307692
uniqlo 0.6031914893617021 0.7807692307692308 0.6191489361702127 0.8269230769230769
uniqlo1 0.5159574468085106 0.6557692307692308 0.5404255319148936 0.7153846153846154
uniqlo 0.45851063829787236 0.6538461538461539 0.4808510638297872 0.7153846153846154
uniqlo 0.7787234042553192 0.8711538461538462 0.7925531914893617 0.9115384615384615
uniqlo1 0.6276595744680851 0.8153846153846154 0.6393617021276595 0.8423076923076923