uniqlo 0.483 0.30901153726223884 0.5148 0.35671967570938573
uniqlo1 0.4422 0.3102588088556283 0.476 0.35734331150608045
uniqlo 0.163 0.15497349547864048 0.1838 0.18054256314312442
uniqlo1 0.1426 0.15434985968194576 0.163 0.18366074212659805
uniqlo 0.127 0.0003118178983473651 0.1474 0.024633613969441845
uniqlo1 0.1238 0.025257249766136577 0.145 0.05113813532896788
uniqlo 0.092 0.37511693171188026 0.112 0.40816962893670095
uniqlo1 0.0694 0.37698783910196443 0.0894 0.40567508574992206
uniqlo1 0.0842 0.633613969441846 0.1054 0.6716557530402245
uniqlo1 0.345 0.520112254443405 0.3658 0.5519176800748363
uniqlo 0.3724 0.522606797630184 0.3948 0.5544122232616152
uniqlo1 0.5638 0.5241658871219208 0.5854 0.5553476769566573
uniqlo 0.592 0.5241658871219208 0.6108 0.5572185843467415
uniqlo 0.841 0.6055503585905831 0.865 0.6429685063922669
uniqlo 0.8618 0.3542251325226068 0.8826 0.38665419395073275
uniqlo1 0.8402 0.35360149672591207 0.861 0.38415965076395386
uniqlo1 0.7756 0.16245712503897725 0.7976 0.1923916432803243
uniqlo 0.798 0.16526348612410352 0.8184 0.19176800748362957
uniqlo 0.8144 0.011225444340505144 0.8332 0.03585905830994699
uniqlo1 0.818 0.039600873090115375 0.836 0.06205176177112566