doritos 0.06524064171122995 0.3271276595744681 0.22780748663101605 0.6329787234042553
lays 0.7818181818181819 0.3324468085106383 0.9197860962566845 0.6329787234042553
lays 0.4834224598930481 0.6223404255319149 0.5283422459893048 0.699468085106383
cheetos 0.5422459893048128 0.7393617021276596 0.5668449197860963 0.8085106382978723
lays 0.413903743315508 0.6728723404255319 0.43636363636363634 0.7154255319148937
lays 0.3443850267379679 0.6117021276595744 0.360427807486631 0.648936170212766
lays 0.5689839572192513 0.726063829787234 0.5882352941176471 0.773936170212766
fritos 0.5914438502673797 0.7021276595744681 0.613903743315508 0.7632978723404256
lays 0.6374331550802139 0.6569148936170213 0.6524064171122995 0.7074468085106383
cheetos 0.3625668449197861 0.5611702127659575 0.39786096256684494 0.6037234042553191
cheetos 0.3165775401069519 0.5212765957446809 0.34652406417112297 0.5664893617021277
fritos 0.36470588235294116 0.6436170212765957 0.3871657754010695 0.6781914893617021
doritos 0.4203208556149733 0.5904255319148937 0.46310160427807484 0.6728723404255319