tostitos 0.2921875 0.21123595505617979 0.51875 0.34606741573033706
lays 0.225 0.48314606741573035 0.375 0.6022471910112359
cheetos 0.0421875 0.5415730337078651 0.1953125 0.6898876404494382
sunchips 0.565625 0.5932584269662922 0.7140625 0.7348314606741573
ruffles 0.80625 0.449438202247191 1.0 0.5775280898876405
cheetos 0.596875 0.3955056179775281 0.771875 0.5573033707865168
doritos 0.0421875 0.3707865168539326 0.2734375 0.4786516853932584
ruffles 0.3953125 0.449438202247191 0.5609375 0.550561797752809
lays 0.6 0.22696629213483147 0.7546875 0.3550561797752809
cheetos 0.778125 0.1707865168539326 1.0 0.36404494382022473
doritos 0.3875 0.6786516853932584 0.5234375 0.7348314606741573