pepsi-symbol 0.01 0.058 0.066 0.114
pepsi-text 0.072 0.066 0.186 0.108
fritolay 0.042 0.214 0.158 0.294
tropicana 0.008 0.394 0.188 0.454
quaker 0.038 0.542 0.16 0.64
dole 0.564 0.358 0.642 0.394
dole 0.796 0.378 0.894 0.418
tostitos 0.422 0.262 0.528 0.298
doritos 0.67 0.26 0.802 0.298
walkers 0.26 0.222 0.37 0.31
quaker 0.526 0.6 0.642 0.664
tropicana 0.362 0.348 0.436 0.374
pepsi-symbol 0.61 0.1 0.69 0.162
pepsi-symbol 0.808 0.102 0.92 0.162
pepsi-symbol 0.388 0.114 0.466 0.162
sunchips 0.57 0.18 0.646 0.234
quaker 0.424 0.616 0.47 0.664
g-drink 0.056 0.72 0.138 0.812
g-drink 0.266 0.762 0.31 0.812
g-drink 0.352 0.724 0.396 0.774
g-drink 0.46 0.724 0.486 0.758
g-drink 0.626 0.748 0.67 0.798
g-drink 0.728 0.734 0.764 0.778
g-drink 0.902 0.742 0.972 0.822
quaker 0.892 0.63 0.932 0.666
twistos 0.852 0.18 0.942 0.218
crunch 0.698 0.568 0.832 0.612