intel 0.202 0.04054054054054054 0.31 0.16554054054054054
intel 0.398 0.04391891891891892 0.51 0.16891891891891891
intel 0.598 0.04391891891891892 0.71 0.16216216216216217
intel 0.018 0.44932432432432434 0.118 0.5608108108108109
intel 0.156 0.44932432432432434 0.258 0.5641891891891891
intel 0.298 0.44594594594594594 0.4 0.5608108108108109
intel 0.442 0.44932432432432434 0.542 0.5641891891891891
intel 0.586 0.4527027027027027 0.688 0.5641891891891891
intel 0.732 0.4527027027027027 0.83 0.5608108108108109
intel 0.876 0.44932432432432434 0.974 0.5641891891891891
intel 0.094 0.7364864864864865 0.194 0.8547297297297297
intel 0.23 0.7364864864864865 0.334 0.8513513513513513
intel 0.366 0.7364864864864865 0.468 0.8513513513513513
intel 0.502 0.7398648648648649 0.606 0.8547297297297297
intel 0.642 0.7432432432432432 0.744 0.8513513513513513
intel 0.782 0.7398648648648649 0.886 0.8513513513513513
vv 0.198 0.19594594594594594 0.31 0.2635135135135135
centrino 0.396 0.1858108108108108 0.508 0.25675675675675674
centrino 0.598 0.1858108108108108 0.71 0.25675675675675674