intel 0.09505208333333333 0.1909722222222222 0.12630208333333334 0.22569444444444445
intel 0.06315104166666667 0.40046296296296297 0.11067708333333333 0.4513888888888889
intel 0.8912760416666666 0.26157407407407407 0.935546875 0.3136574074074074
intel 0.5598958333333334 0.48726851851851855 0.6015625 0.5439814814814815
intel 0.8977864583333334 0.5636574074074074 0.9147135416666666 0.5972222222222222
intel 0.06966145833333333 0.6527777777777778 0.08463541666666667 0.6678240740740741
intel 0.16080729166666666 0.6574074074074074 0.17447916666666666 0.6712962962962963
intel 0.24283854166666666 0.6666666666666666 0.2578125 0.6805555555555556
intel 0.072265625 0.8159722222222222 0.087890625 0.8310185185185185
intel 0.23958333333333334 0.8310185185185185 0.255859375 0.8472222222222222
intel 0.16080729166666666 0.8206018518518519 0.171875 0.8344907407407407
intel 0.90234375 0.8807870370370371 0.97265625 0.9664351851851852