intel 0.026833631484794274 0.03218390804597701 0.13595706618962433 0.12183908045977011
intel 0.2826475849731664 0.0367816091954023 0.3953488372093023 0.12643678160919541
intel 0.023255813953488372 0.29195402298850576 0.13416815742397137 0.3793103448275862
intel 0.2808586762075134 0.2896551724137931 0.3935599284436494 0.3816091954022989
intel 0.5384615384615384 0.28735632183908044 0.6475849731663685 0.3793103448275862
intel 0.7835420393559929 0.2896551724137931 0.8962432915921288 0.3816091954022989
intel 0.026833631484794274 0.5448275862068965 0.13595706618962433 0.632183908045977
intel 0.2826475849731664 0.542528735632184 0.38998211091234347 0.632183908045977
intel 0.5402504472271914 0.542528735632184 0.6475849731663685 0.6367816091954023
intel 0.7853309481216458 0.542528735632184 0.8944543828264758 0.632183908045977
intel 0.025044722719141325 0.8 0.13595706618962433 0.8896551724137931
intel 0.2808586762075134 0.8 0.38998211091234347 0.8896551724137931
intel 0.5402504472271914 0.8022988505747126 0.6493738819320215 0.8873563218390804
intel 0.7853309481216458 0.7977011494252874 0.9051878354203936 0.8988505747126436