hotelhyundai 0.4163126593033135 0.009197751660705161 0.5811384876805438 0.11139499233520694
hotelhyundai 0.10960067969413764 0.21819110884006132 0.15208156329651656 0.24374041900868676
hotelhyundai 0.32710280373831774 0.19724067450178845 0.3602378929481733 0.21665815022994378
hotelhyundai 0.6261682242990654 0.23709759836484415 0.6499575191163977 0.25293817066939195
hotelhyundai 0.8606627017841971 0.2856412876852325 0.8937977909940527 0.30556974961676037
hotelhyundai 0.06966864910790145 0.3484925907000511 0.09005947323704333 0.36075625958099133
hotelhyundai 0.05437553101104503 0.402657128257537 0.08920985556499575 0.42565150740929997
hotelhyundai 0.15378079864061173 0.49514563106796117 0.19966015293118097 0.5237608584568216
hotelhyundai 0.0637213254035684 0.46499744506898316 0.08071367884451996 0.47061829330608074
hotelhyundai 0.4086661002548853 0.49923352069494126 0.45964316057774 0.5288707204905467
hotelhyundai 0.5845369583687341 0.36995401124169647 0.6083262531860663 0.3832396525293817
hotelhyundai 0.6559048428207307 0.4583546244251405 0.6796941376380629 0.4721512519161983
hotelhyundai 0.7663551401869159 0.371486969851814 0.794392523364486 0.3888605007664793
hotelhyundai 0.7638062871707731 0.4159427695452223 0.7952421410365336 0.4343382728666326
hotelhyundai 0.8122344944774851 0.4910577414409811 0.8419711129991504 0.5079202861522739
hotelhyundai 0.29906542056074764 0.6893203883495146 0.3517417162276975 0.7199795605518651
hotelhyundai 0.5514018691588785 0.6065406234031682 0.7306711979609176 0.713847726111395
hyundai-symbol 0.3857264231096007 0.882473173224323 0.42225998300764656 0.8942258559018906
hyundai 0.3525913338997451 0.9013796627491057 0.405267629566695 0.9085334695963209
hyundai-symbol 0.6618521665250637 0.9279509453244762 0.6703483432455395 0.9351047521716913