kelloggs-symbol 0.044 0.1517412935323383 0.144 0.43532338308457713
kelloggs-symbol 0.013 0.15920398009950248 0.034 0.31343283582089554
kelloggs 0.042 0.12935323383084577 0.076 0.16417910447761194
kelloggs 0.257 0.09950248756218906 0.269 0.13432835820895522
kelloggs 0.013 0.11442786069651742 0.022 0.13930348258706468
kelloggs-symbol 0.071 0.05970149253731343 0.097 0.08706467661691543
kelloggs 0.343 0.15920398009950248 0.45 0.26616915422885573
kelloggs 0.585 0.14427860696517414 0.7 0.25870646766169153
kelloggs 0.777 0.10199004975124377 0.862 0.1890547263681592
kelloggs-symbol 0.751 0.12686567164179105 0.763 0.22388059701492538
kelloggs-symbol 0.784 0.20398009950248755 0.964 0.7587064676616916
kelloggs 0.825 0.04228855721393035 0.866 0.06467661691542288