kelloggs 0.006666666666666667 0.006688963210702341 0.09533333333333334 0.057971014492753624
kelloggs 0.20666666666666667 0.022296544035674472 0.30866666666666664 0.0758082497212932
kelloggs 0.408 0.022296544035674472 0.4886666666666667 0.06688963210702341
kelloggs 0.6106666666666667 0.011148272017837236 0.7146666666666667 0.06688963210702341
kelloggs 0.8146666666666667 0.0011148272017837235 0.9186666666666666 0.04793756967670011
kelloggs 0.16933333333333334 0.39018952062430323 0.2866666666666667 0.46488294314381273
kelloggs 0.39666666666666667 0.3857302118171683 0.5013333333333333 0.4503901895206243
kelloggs 0.0006666666666666666 0.411371237458194 0.056 0.483835005574136
kelloggs 0.632 0.3835005574136009 0.7373333333333333 0.44704570791527315
kelloggs 0.864 0.36677814938684505 0.9813333333333333 0.4414715719063545
kelloggs-symbol 0.16533333333333333 0.48049052396878483 0.36 0.850613154960981