kelloggs 0.04785894206549118 0.15601503759398497 0.14231738035264482 0.21428571428571427
kelloggs 0.4987405541561713 0.15601503759398497 0.6079974811083123 0.21898496240601503
kelloggs-symbol 0.08942065491183879 0.231203007518797 0.34445843828715367 0.6320488721804511
kelloggs 0.5044080604534005 0.22650375939849623 0.8158060453400504 0.6508458646616542
kelloggs-symbol 0.04628463476070529 0.09539473684210527 0.10925692695214106 0.12406015037593984
kelloggs-symbol 0.4993702770780856 0.09022556390977443 0.5500629722921915 0.125
kelloggs-symbol 0.09918136020151133 0.05733082706766917 0.14515113350125944 0.07706766917293233
kelloggs-symbol 0.5006297229219143 0.05921052631578947 0.5478589420654912 0.08317669172932331
kelloggs 0.3047858942065491 0.14332706766917294 0.3271410579345088 0.15460526315789475
kelloggs 0.788727959697733 0.13439849624060152 0.8139168765743073 0.1475563909774436
kelloggs-symbol 0.19710327455919396 0.8590225563909775 0.23772040302267003 0.9196428571428571
kelloggs-symbol 0.1385390428211587 0.8651315789473685 0.17348866498740553 0.9271616541353384
kelloggs 0.19080604534005038 0.8505639097744361 0.20623425692695213 0.8585526315789473
kelloggs 0.13255667506297228 0.8543233082706767 0.15207808564231737 0.8646616541353384