kelloggs 0.0725 0.052534562211981564 0.16 0.10506912442396313
kelloggs 0.26875 0.09400921658986175 0.35125 0.1391705069124424
kelloggs 0.02625 0.5327188940092166 0.099375 0.5705069124423963
kelloggs-symbol 0.025 0.5824884792626728 0.190625 0.8534562211981567
kelloggs 0.255625 0.5668202764976958 0.35375 0.6211981566820276
kelloggs 0.444375 0.5585253456221199 0.541875 0.6129032258064516
kelloggs 0.45375 0.08294930875576037 0.54875 0.1382488479262673
kelloggs 0.6425 0.09216589861751152 0.74 0.1447004608294931
kelloggs 0.63875 0.5612903225806452 0.73625 0.6147465437788019
kelloggs 0.834375 0.08387096774193549 0.933125 0.13732718894009216
kelloggs 0.833125 0.5705069124423963 0.928125 0.6193548387096774