kelloggs 0.06625 0.025757575757575757 0.12 0.05303030303030303
kelloggs 0.2275 0.016666666666666666 0.2875 0.048484848484848485
kelloggs 0.00125 0.24242424242424243 0.0825 0.2863636363636364
kelloggs 0.3975 0.012121212121212121 0.4575 0.04393939393939394
kelloggs 0.585 0.0030303030303030303 0.65 0.03787878787878788
kelloggs 0.75625 0.012121212121212121 0.8175 0.04242424242424243
kelloggs 0.925 0.016666666666666666 0.985 0.04696969696969697
kelloggs 0.55125 0.7393939393939394 0.61375 0.7666666666666667
kelloggs 0.73875 0.7212121212121212 0.805 0.7545454545454545
kelloggs 0.9 0.7257575757575757 0.95875 0.7560606060606061
kelloggs 0.38 0.7333333333333333 0.44125 0.7651515151515151
kelloggs 0.33875 0.9681818181818181 0.405 0.9984848484848485