kelloggs 0.06333333333333334 0.17857142857142858 0.09666666666666666 0.19973544973544974
kelloggs 0.16333333333333333 0.164021164021164 0.19833333333333333 0.1865079365079365
wheaties 0.2825 0.15476190476190477 0.4191666666666667 0.2751322751322751
kelloggs 0.155 0.5661375661375662 0.19166666666666668 0.5965608465608465
kelloggs 0.2925 0.5767195767195767 0.33666666666666667 0.6071428571428571
kelloggs-symbol 0.2733333333333333 0.5767195767195767 0.2866666666666667 0.6137566137566137
kelloggs 0.26916666666666667 0.5661375661375662 0.2816666666666667 0.5753968253968254
kelloggs-symbol 0.15166666666666667 0.6177248677248677 0.2425 0.8082010582010583
kelloggs-symbol 0.2925 0.6296296296296297 0.3975 0.8174603174603174
kelloggs 0.3516666666666667 0.9603174603174603 0.38166666666666665 0.9828042328042328
kelloggs 0.15166666666666667 0.9748677248677249 0.19083333333333333 0.9986772486772487
kelloggs 0.05 0.9417989417989417 0.08333333333333333 0.9735449735449735
kelloggs 0.48 0.5952380952380952 0.5316666666666666 0.6256613756613757
kelloggs 0.635 0.582010582010582 0.6816666666666666 0.6124338624338624
kelloggs 0.7683333333333333 0.578042328042328 0.81 0.6071428571428571
kelloggs 0.8816666666666667 0.5687830687830688 0.9241666666666667 0.5992063492063492
post 0.6366666666666667 0.9788359788359788 0.665 1.0
kelloggs 0.8041666666666667 0.5105820105820106 0.8091666666666667 0.5264550264550265
kelloggs 0.49583333333333335 0.12698412698412698 0.545 0.1626984126984127
kelloggs 0.6366666666666667 0.14682539682539683 0.6808333333333333 0.17989417989417988
kelloggs 0.775 0.15476190476190477 0.8191666666666667 0.1865079365079365
kelloggs-symbol 0.475 0.13624338624338625 0.485 0.18253968253968253
kelloggs-symbol 0.465 0.14947089947089948 0.4725 0.1931216931216931
kelloggs-symbol 0.49666666666666665 0.18253968253968253 0.6041666666666666 0.3835978835978836
kelloggs-symbol 0.6383333333333333 0.1917989417989418 0.7325 0.3783068783068783
kelloggs-symbol 0.7758333333333334 0.19444444444444445 0.8691666666666666 0.3783068783068783
kelloggs-symbol 0.8933333333333333 0.23544973544973544 0.9316666666666666 0.3994708994708995
quaker 0.9058333333333334 0.0013227513227513227 0.9166666666666666 0.04894179894179894