kelloggs 0.182 0.229 0.243 0.252
kelloggs 0.168 0.604 0.224 0.631
kelloggs 0.131 0.607 0.156 0.62
kelloggs 0.299 0.56 0.317 0.574
kelloggs 0.326 0.56 0.373 0.584
kelloggs 0.34 0.618 0.393 0.64
kelloggs 0.152 0.548 0.188 0.568
kelloggs 0.203 0.551 0.241 0.567
kelloggs 0.245 0.544 0.27 0.556
kelloggs 0.312 0.51 0.343 0.527
kelloggs 0.355 0.511 0.385 0.526
kelloggs 0.388 0.501 0.416 0.516
kelloggs 0.417 0.492 0.433 0.505
kelloggs 0.566 0.586 0.612 0.612
kelloggs 0.745 0.575 0.784 0.597
kelloggs 0.793 0.629 0.843 0.652
kelloggs 0.616 0.215 0.675 0.238
kelloggs 0.131 0.558 0.147 0.566
kelloggs 0.3 0.519 0.309 0.525
kelloggs 0.124 0.566 0.135 0.573
kelloggs 0.292 0.524 0.301 0.53