clancys 0.7313112745098039 0.20751633986928106 0.7766544117647058 0.252859477124183
clancys 0.8636642156862745 0.2687908496732026 0.9485294117647058 0.31699346405228757
clancys 0.7647058823529411 0.2957516339869281 0.8330269607843137 0.3300653594771242
clancys 0.7340686274509803 0.5008169934640523 0.7794117647058824 0.5359477124183006
clancys 0.7377450980392157 0.7830882352941176 0.7837009803921569 0.8227124183006536
clancys 0.8526348039215687 0.8970588235294118 0.9188112745098039 0.9742647058823529
clancys 0.546875 0.34844771241830064 0.5971200980392157 0.37459150326797386
clancys 0.553921568627451 0.5788398692810458 0.5998774509803921 0.6123366013071896
clancys 0.5572916666666666 0.7875816993464052 0.5971200980392157 0.8284313725490197
clancys 0.6317401960784313 0.8284313725490197 0.6890318627450981 0.8758169934640523
clancys 0.5183823529411765 0.4987745098039216 0.5425857843137255 0.5257352941176471
clancys 0.5211397058823529 0.7030228758169934 0.5453431372549019 0.7336601307189542
clancys 0.5294117647058824 0.9109477124183006 0.553921568627451 0.9481209150326797
clancys 0.4013480392156863 0.33782679738562094 0.4166666666666667 0.3619281045751634
clancys 0.39920343137254904 0.5065359477124183 0.41574754901960786 0.5277777777777778
clancys 0.40471813725490197 0.6678921568627451 0.421875 0.6919934640522876
clancys 0.4053308823529412 0.8333333333333334 0.4231004901960784 0.860702614379085
clancys 0.4653799019607843 0.3741830065359477 0.49325980392156865 0.39828431372549017
clancys 0.47702205882352944 0.5612745098039216 0.4996936274509804 0.5882352941176471
clancys 0.48131127450980393 0.7426470588235294 0.5018382352941176 0.7691993464052288
clancys 0.4831495098039216 0.9338235294117647 0.5030637254901961 0.9611928104575164
clancys 0.2699142156862745 0.36070261437908496 0.29534313725490197 0.3786764705882353
wavy 0.6541053921568627 0.2193627450980392 0.6832107843137255 0.2659313725490196
wavy 0.6623774509803921 0.49060457516339867 0.6936274509803921 0.5265522875816994
wavy 0.6639093137254902 0.7589869281045751 0.6930147058823529 0.7904411764705882
wavy 0.5386029411764706 0.4117647058823529 0.5940563725490197 0.4550653594771242
wavy 0.5808823529411765 0.17197712418300654 0.6170343137254902 0.23815359477124182
wavy 0.5588235294117647 0.6531862745098039 0.6032475490196079 0.6928104575163399
wavy 0.6277573529411765 0.6621732026143791 0.6755514705882353 0.7103758169934641
wavy 0.5594362745098039 0.8700980392156863 0.6053921568627451 0.9072712418300654
pringles 0.2699142156862745 0.4264705882352941 0.29013480392156865 0.4477124183006536
pringles 0.27512254901960786 0.46772875816993464 0.29411764705882354 0.48651960784313725
pringles 0.2809436274509804 0.568218954248366 0.29932598039215685 0.5857843137254902
pringles 0.27236519607843135 0.5257352941176471 0.28890931372549017 0.5424836601307189
pringles 0.2549019607843137 0.8174019607843137 0.26868872549019607 0.8308823529411765
pringles 0.2337622549019608 0.795751633986928 0.24571078431372548 0.8116830065359477
pringles 0.2493872549019608 0.7144607843137255 0.2616421568627451 0.7303921568627451
pringles 0.24846813725490197 0.5245098039215687 0.2610294117647059 0.5379901960784313
pringles 0.2607230392156863 0.9105392156862745 0.27175245098039214 0.9252450980392157
pringles 0.25949754901960786 0.7148692810457516 0.27267156862745096 0.7295751633986928
pringles 0.2349877450980392 0.7046568627450981 0.24632352941176472 0.7156862745098039
pringles 0.2959558823529412 0.5212418300653595 0.3088235294117647 0.5363562091503268