stellaartois 0.16585365853658537 0.7237163814180929 0.32195121951219513 0.8386308068459658
stellaartois 0.8113821138211382 0.6894865525672371 0.9528455284552846 0.7897310513447433
budweiser-text 0.07154471544715447 0.017114914425427872 0.16910569105691056 0.07823960880195599
stellaartois 0.216260162601626 0.08312958435207823 0.2926829268292683 0.14425427872860636
stellaartois 0.4065040650406504 0.08801955990220049 0.4764227642276423 0.14180929095354522
budweiser-text 0.5186991869918699 0.019559902200488997 0.6357723577235772 0.07823960880195599
budweiser-text 0.6682926829268293 0.034229828850855744 0.7626016260162601 0.08068459657701711
stellaartois 0.832520325203252 0.08801955990220049 0.9105691056910569 0.1466992665036675
budweiser-text 0.47317073170731705 0.7310513447432763 0.6666666666666666 0.8337408312958435
budweiser-text 0.024390243902439025 0.6210268948655256 0.14634146341463414 0.7114914425427873
stellaartois 0.3772357723577236 0.6454767726161369 0.4666666666666667 0.7359413202933985
budweiser-symbol 0.5300813008130081 0.5965770171149144 0.6195121951219512 0.7310513447432763
budweiser-symbol 0.7040650406504065 0.5036674816625917 0.7691056910569106 0.60880195599022