budweiser-text 0.14333333333333334 0.40601503759398494 0.38166666666666665 0.5169172932330827
budweiser-text 0.6166666666666667 0.24060150375939848 0.95 0.5018796992481203
budweiser-symbol 0.16333333333333333 0.24812030075187969 0.195 0.3176691729323308
budweiser-symbol 0.24333333333333335 0.2575187969924812 0.275 0.32142857142857145
budweiser-symbol 0.31333333333333335 0.2575187969924812 0.3416666666666667 0.325187969924812
budweiser-symbol 0.40166666666666667 0.2650375939849624 0.43166666666666664 0.32706766917293234
budweiser-symbol 0.17666666666666667 0.5845864661654135 0.20166666666666666 0.6447368421052632
budweiser-symbol 0.24333333333333335 0.6015037593984962 0.27 0.6578947368421053
budweiser-symbol 0.32166666666666666 0.6090225563909775 0.3466666666666667 0.6691729323308271
budweiser-symbol 0.3933333333333333 0.6203007518796992 0.41833333333333333 0.6729323308270677
husky 0.38166666666666665 0.8176691729323309 0.46 0.8590225563909775
budweiser-text 0.16333333333333333 0.34210526315789475 0.24333333333333335 0.38345864661654133
budweiser-text 0.245 0.34962406015037595 0.31666666666666665 0.38721804511278196
budweiser-text 0.32 0.35526315789473684 0.395 0.3966165413533835
budweiser-text 0.39666666666666667 0.35902255639097747 0.47333333333333333 0.40225563909774437
budweiser-text 0.175 0.6710526315789473 0.24333333333333335 0.7161654135338346
budweiser-text 0.245 0.6860902255639098 0.315 0.7293233082706767
budweiser-text 0.31333333333333335 0.7011278195488722 0.39166666666666666 0.7424812030075187
budweiser-text 0.39166666666666666 0.7142857142857143 0.47 0.7556390977443609