budweiser-text 0.22900763358778625 0.2182741116751269 0.42366412213740456 0.26903553299492383
budweiser-text 0.8778625954198473 0.26903553299492383 0.9961832061068703 0.3147208121827411
stellaartois 0.6183206106870229 0.23096446700507614 0.7442748091603053 0.27918781725888325
stellaartois 0.44656488549618323 0.25888324873096447 0.5687022900763359 0.29949238578680204
stellaartois 0.003816793893129771 0.24873096446700507 0.11068702290076336 0.29441624365482233
budweiser-text 0.15648854961832062 0.6802030456852792 0.48091603053435117 0.7639593908629442
stellaartois 0.5458015267175572 0.6725888324873096 0.8091603053435115 0.7563451776649747
budweiser-text 0.7786259541984732 0.31218274111675126 0.8740458015267175 0.3426395939086294
stellaartois 0.003816793893129771 0.6776649746192893 0.13358778625954199 0.7639593908629442
budweiser-symbol 0.2748091603053435 0.5964467005076142 0.40076335877862596 0.682741116751269
budweiser-symbol 0.9236641221374046 0.616751269035533 1.0 0.6878172588832487