budweiser-text 0.2188034188034188 0.3871794871794872 0.2774928774928775 0.43846153846153846
budweiser-text 0.7213675213675214 0.258974358974359 0.7943019943019943 0.3094017094017094
budweiser-text 0.5082621082621083 0.05811965811965812 0.6284900284900284 0.16666666666666666
budweiser-text 0.505982905982906 0.18632478632478633 0.6267806267806267 0.28205128205128205
budweiser-text 0.5071225071225072 0.3076923076923077 0.6284900284900284 0.40854700854700854
budweiser-text 0.5071225071225072 0.43333333333333335 0.6222222222222222 0.5213675213675214
budweiser-text 0.5082621082621083 0.5564102564102564 0.6222222222222222 0.6487179487179487
budweiser-text 0.5116809116809117 0.6777777777777778 0.6245014245014245 0.7726495726495727
budweiser-text 0.5082621082621083 0.7957264957264957 0.6227920227920228 0.9008547008547009
budweiser-text 0.6376068376068376 0.0641025641025641 0.7333333333333333 0.1581196581196581
budweiser-text 0.627920227920228 0.6735042735042736 0.7162393162393162 0.7564102564102564
budweiser-text 0.6262108262108262 0.8042735042735043 0.6951566951566952 0.8991452991452992
budweiser-text 0.8945868945868946 0.06666666666666667 1.0 0.14615384615384616
budweiser-text 0.8945868945868946 0.18034188034188034 1.0 0.26666666666666666
budweiser-text 0.8905982905982905 0.30683760683760686 1.0 0.3974358974358974
budweiser-text 0.8814814814814815 0.44017094017094016 1.0 0.5307692307692308
budweiser-text 0.886039886039886 0.5538461538461539 1.0 0.647008547008547
budweiser-text 0.8843304843304843 0.6871794871794872 0.9994301994301994 0.764102564102564
budweiser-text 0.8809116809116809 0.8094017094017094 0.9994301994301994 0.8982905982905983
budweiser-text 0.7772079772079772 0.8068376068376069 0.8769230769230769 0.8905982905982905
budweiser-text 0.7903133903133903 0.06837606837606838 0.8871794871794871 0.15897435897435896
budweiser-text 0.2928774928774929 0.1111111111111111 0.45014245014245013 0.24102564102564103
budweiser-text 0.046723646723646726 0.09658119658119659 0.18518518518518517 0.2111111111111111