suzuki-symbol 0.38461538461538464 0.3874709976798144 0.39658119658119656 0.42691415313225056
suzuki-text 0.39914529914529917 0.3874709976798144 0.4495726495726496 0.4222737819025522
kia 0.6435897435897436 0.37587006960556846 0.6692307692307692 0.41299303944315546
telekom 0.6222222222222222 0.5916473317865429 0.6393162393162393 0.62877030162413
vodafone 0.5299145299145299 0.5870069605568445 0.5376068376068376 0.605568445475638
vodafone 0.5376068376068376 0.5870069605568445 0.5606837606837607 0.6032482598607889
kia 0.7683760683760684 0.38979118329466356 0.7837606837606838 0.41299303944315546
kia 0.7555555555555555 0.5081206496519721 0.7777777777777778 0.5452436194895591
kia 0.8965811965811966 0.7192575406032483 0.9188034188034188 0.7587006960556845
suzuki-symbol 0.923931623931624 0.4176334106728538 0.9316239316239316 0.45011600928074247
suzuki-text 0.9299145299145299 0.4245939675174014 0.9512820512820512 0.45243619489559167
vodafone 0.4042735042735043 0.6473317865429234 0.4239316239316239 0.6612529002320185