heineken 0.12 0.09495548961424333 0.39 0.18991097922848665
heineken 0.14833333333333334 0.6201780415430267 0.43166666666666664 0.7537091988130564
heineken 0.4633333333333333 0.5608308605341247 0.675 0.6706231454005934
heineken 0.4216666666666667 0.10089020771513353 0.63 0.18100890207715134
heineken 0.755 0.09495548961424333 0.9116666666666666 0.1661721068249258
heineken 0.8083333333333333 0.47774480712166173 0.9633333333333334 0.5756676557863502
heineken 0.8566666666666667 0.8961424332344213 1.0 1.0
heineken 0.0016666666666666668 0.7062314540059347 0.09166666666666666 0.7952522255192879
heineken 0.6516666666666666 0.13353115727002968 0.7133333333333334 0.2551928783382789
heineken 0.6966666666666667 0.5103857566765578 0.7566666666666667 0.6023738872403561
heineken 0.0016666666666666668 0.11869436201780416 0.06166666666666667 0.19287833827893175