heineken 0.6234375 0.1449074074074074 0.9010416666666666 0.5236111111111111
heineken 0.02578125 0.000462962962962963 0.06067708333333333 0.08611111111111111
heineken 0.14505208333333333 0.0032407407407407406 0.19869791666666667 0.031018518518518518
heineken 0.5041666666666667 0.07592592592592592 0.5348958333333333 0.09305555555555556
heineken 0.029947916666666668 0.2375 0.0828125 0.2726851851851852
heineken 0.10182291666666667 0.2375 0.14661458333333333 0.2712962962962963
heineken 0.18072916666666666 0.23472222222222222 0.22473958333333333 0.2712962962962963
heineken 0.3109375 0.23194444444444445 0.3463541666666667 0.2625
heineken 0.044270833333333336 0.3902777777777778 0.09375 0.42962962962962964
heineken 0.11979166666666667 0.3861111111111111 0.16484375 0.4199074074074074
heineken 0.18541666666666667 0.37916666666666665 0.228125 0.4115740740740741
heineken 0.31171875 0.3625 0.34869791666666666 0.39305555555555555
heineken 0.31796875 0.4912037037037037 0.35260416666666666 0.5194444444444445
heineken 0.05286458333333333 0.5361111111111111 0.09947916666666666 0.5810185185185185
heineken 0.12395833333333334 0.5236111111111111 0.1671875 0.5615740740740741
heineken 0.14192708333333334 0.8981481481481481 0.21536458333333333 0.9569444444444445
heineken 0.13880208333333333 0.8166666666666667 0.21614583333333334 0.874537037037037
heineken 0.13020833333333334 0.7328703703703704 0.21223958333333334 0.7847222222222222
heineken 0.22161458333333334 0.7157407407407408 0.2526041666666667 0.7523148148148148
heineken 0.2604166666666667 0.7032407407407407 0.28802083333333334 0.7356481481481482
heineken 0.30052083333333335 0.687962962962963 0.328125 0.7185185185185186
heineken 0.22083333333333333 0.7930555555555555 0.25494791666666666 0.836574074074074
heineken 0.2643229166666667 0.7791666666666667 0.29270833333333335 0.8152777777777778
heineken 0.3028645833333333 0.7703703703703704 0.3338541666666667 0.8
heineken 0.24296875 0.8532407407407407 0.3020833333333333 0.913425925925926
heineken 0.32890625 0.8310185185185185 0.3763020833333333 0.8759259259259259
heineken 0.42578125 0.3574074074074074 0.4395833333333333 0.38101851851851853
heineken 0.4513020833333333 0.35694444444444445 0.46197916666666666 0.3773148148148148
heineken 0.47161458333333334 0.35462962962962963 0.4830729166666667 0.3731481481481482
heineken 0.49270833333333336 0.3523148148148148 0.5020833333333333 0.37083333333333335
heineken 0.5127604166666667 0.35 0.5244791666666667 0.3680555555555556
heineken 0.5338541666666666 0.3472222222222222 0.5442708333333334 0.36435185185185187
heineken 0.4315104166666667 0.4759259259259259 0.44166666666666665 0.4962962962962963
heineken 0.45364583333333336 0.4736111111111111 0.4661458333333333 0.49212962962962964
heineken 0.47890625 0.4699074074074074 0.48854166666666665 0.4861111111111111
heineken 0.4979166666666667 0.4634259259259259 0.5098958333333333 0.48009259259259257
heineken 0.5174479166666667 0.4597222222222222 0.528125 0.47824074074074074
heineken 0.5380208333333333 0.4550925925925926 0.5484375 0.47453703703703703