heineken 0.31511627906976747 0.084375 0.4662790697674419 0.159375
heineken 0.16395348837209303 0.325 0.3302325581395349 0.39375
heineken 0.5430232558139535 0.090625 0.7023255813953488 0.165625
heineken 0.6872093023255814 0.303125 0.8395348837209302 0.384375
heineken 0.31511627906976747 0.55 0.46511627906976744 0.61875
heineken 0.5441860465116279 0.546875 0.7023255813953488 0.628125
heineken 0.0011627906976744186 0.334375 0.08604651162790698 0.409375
heineken 0.0011627906976744186 0.7875 0.09186046511627907 0.85
heineken 0.1697674418604651 0.778125 0.3302325581395349 0.853125
heineken 0.0034883720930232558 0.11875 0.04186046511627907 0.178125
heineken 0.38372093023255816 0.790625 0.42093023255813955 0.853125
heineken 0.47790697674418603 0.784375 0.5127906976744186 0.85
heineken 0.5674418604651162 0.7875 0.608139534883721 0.85
heineken 0.6883720930232559 0.759375 0.8372093023255814 0.84375
heineken 0.9197674418604651 0.771875 1.0 0.84375
heineken 0.9162790697674419 0.3125 0.9988372093023256 0.384375
heineken 0.7546511627906977 0.546875 0.7930232558139535 0.60625
heineken 0.8430232558139535 0.546875 0.891860465116279 0.615625
heineken 0.936046511627907 0.55625 0.9802325581395349 0.6125
heineken 0.7569767441860465 0.0875 0.7930232558139535 0.153125
heineken 0.8476744186046512 0.096875 0.8895348837209303 0.153125
heineken 0.9418604651162791 0.103125 0.9813953488372092 0.153125
heineken 0.09534883720930233 0.115625 0.13488372093023257 0.178125
heineken 0.1872093023255814 0.115625 0.2255813953488372 0.16875
heineken 0.3802325581395349 0.33125 0.4197674418604651 0.390625
heineken 0.4697674418604651 0.33125 0.5174418604651163 0.396875
heineken 0.5616279069767441 0.334375 0.6069767441860465 0.403125
heineken 0.00813953488372093 0.56875 0.05 0.63125
heineken 0.09534883720930233 0.5625 0.13953488372093023 0.625
heineken 0.1883720930232558 0.5625 0.2302325581395349 0.628125