heineken 0.0880597014925373 0.23639455782312926 0.18507462686567164 0.2891156462585034
heineken 0.6029850746268657 0.23299319727891157 0.6985074626865672 0.29081632653061223
heineken 0.08656716417910448 0.7465986394557823 0.18507462686567164 0.8027210884353742
heineken 0.6014925373134329 0.7482993197278912 0.6985074626865672 0.8044217687074829
heineken 0.0791044776119403 0.19047619047619047 0.10746268656716418 0.25170068027210885
heineken 0.056716417910447764 0.06292517006802721 0.08955223880597014 0.12585034013605442
heineken 0.41044776119402987 0.03231292517006803 0.4746268656716418 0.047619047619047616
heineken 0.9253731343283582 0.03231292517006803 0.9880597014925373 0.047619047619047616
heineken 0.41044776119402987 0.5476190476190477 0.4716417910447761 0.564625850340136
heineken 0.9253731343283582 0.5476190476190477 0.9865671641791045 0.564625850340136
heineken 0.5970149253731343 0.18877551020408162 0.6238805970149254 0.25170068027210885
heineken 0.08059701492537313 0.7040816326530612 0.10895522388059702 0.7636054421768708
heineken 0.5955223880597015 0.70578231292517 0.6223880597014926 0.7653061224489796
heineken 0.7582089552238805 0.7159863945578231 0.7910447761194029 0.7397959183673469
heineken 0.5686567164179105 0.06462585034013606 0.6044776119402985 0.1292517006802721
heineken 0.5716417910447761 0.5799319727891157 0.6014925373134329 0.6445578231292517
heineken 0.056716417910447764 0.576530612244898 0.0880597014925373 0.6445578231292517
heineken 0.8507462686567164 0.3435374149659864 0.8865671641791045 0.3673469387755102