eichhof 0.07875 0.5204359673024523 0.12 0.5358764759309719
eichhof 0.140625 0.508628519527702 0.178125 0.5213442325158947
eichhof 0.21 0.508628519527702 0.246875 0.522252497729337
eichhof 0.265 0.5213442325158947 0.306875 0.5349682107175295
eichhof 0.08375 0.3787465940054496 0.11625 0.3896457765667575
eichhof 0.14625 0.3787465940054496 0.17625 0.3896457765667575
eichhof 0.213125 0.37783832879200724 0.243125 0.3896457765667575
eichhof 0.271875 0.3796548592188919 0.301875 0.3896457765667575
eichhof 0.15625 0.7311534968210718 0.229375 0.7538601271571299
eichhof 0.455625 0.38419618528610355 0.48875 0.39691189827429607
eichhof 0.605 0.38419618528610355 0.635625 0.3941871026339691
eichhof 0.758125 0.3832879200726612 0.790625 0.39691189827429607
eichhof 0.9 0.3851044504995459 0.93375 0.3960036330608538
eichhof 0.46 0.27157129881925524 0.485625 0.2815622161671208
eichhof 0.61 0.2706630336058129 0.635625 0.2815622161671208
eichhof 0.7625 0.27157129881925524 0.7875 0.2815622161671208
eichhof 0.905625 0.2706630336058129 0.930625 0.2815622161671208