heineken 0.4392523364485981 0.19642857142857142 0.45482866043613707 0.35714285714285715
heineken 0.2570093457943925 0.6458333333333334 0.397196261682243 0.8095238095238095
heineken 0.6261682242990654 0.6547619047619048 0.7133956386292835 0.7857142857142857
championsleague 0.21806853582554517 0.6130952380952381 0.2398753894080997 0.6666666666666666
championsleague 0.42834890965732086 0.5565476190476191 0.4688473520249221 0.6190476190476191
championsleague 0.5420560747663551 0.5714285714285714 0.5809968847352025 0.6339285714285714
heineken 0.21806853582554517 0.40773809523809523 0.23052959501557632 0.5059523809523809
heineken 0.4236760124610592 0.7470238095238095 0.4719626168224299 0.7738095238095238
heineken 0.5420560747663551 0.4791666666666667 0.5794392523364486 0.5
championsleague 0.8271028037383178 0.6398809523809523 0.8582554517133957 0.6755952380952381
championsleague 0.27414330218068533 0.4583333333333333 0.3161993769470405 0.5386904761904762
heineken 0.16355140186915887 0.33630952380952384 0.19003115264797507 0.38392857142857145