heineken 0.4097087378640777 0.11401098901098901 0.5844660194174758 0.13873626373626374
heineken 0.487378640776699 0.5082417582417582 0.516504854368932 0.6098901098901099
heineken 0.6077669902912621 0.5728021978021978 0.6330097087378641 0.6456043956043956
heineken 0.7728155339805826 0.6126373626373627 0.7961165048543689 0.6744505494505495
heineken 0.31844660194174756 0.603021978021978 0.3359223300970874 0.6662087912087912
heineken 0.11262135922330097 0.6208791208791209 0.13203883495145632 0.6730769230769231
heineken 0.4388349514563107 0.8296703296703297 0.5592233009708738 0.8516483516483516
heineken 0.5786407766990291 0.804945054945055 0.6640776699029126 0.8214285714285714
heineken 0.2912621359223301 0.7925824175824175 0.36699029126213595 0.8063186813186813
heineken 0.7475728155339806 0.7898351648351648 0.8155339805825242 0.8021978021978022
heineken 0.18058252427184465 0.6346153846153846 0.19611650485436893 0.6813186813186813
heineken 0.08932038834951456 0.7857142857142857 0.1553398058252427 0.7980769230769231
heineken 0.15922330097087378 0.7802197802197802 0.21165048543689322 0.7925824175824175
heineken 0.001941747572815534 0.8832417582417582 1.0 1.0