heineken 0.33613445378151263 0.074 0.5546218487394958 0.196
heineken 0.025210084033613446 0.572 0.1400560224089636 0.616
heineken 0.8795518207282913 0.07 0.9971988795518207 0.094
heineken 0.45098039215686275 0.796 0.5378151260504201 0.916
heineken 0.036414565826330535 0.704 0.20448179271708683 0.738
heineken 0.7591036414565826 0.59 0.907563025210084 0.622
heineken 0.6106442577030813 0.592 0.7282913165266106 0.64
heineken 0.9355742296918768 0.592 0.9971988795518207 0.618
heineken 0.21008403361344538 0.4 0.27170868347338933 0.594
heineken 0.0028011204481792717 0.932 0.19327731092436976 0.972
heineken 0.7310924369747899 0.522 0.7927170868347339 0.694
heineken 0.7086834733893558 0.3 0.7871148459383753 0.368
heineken 0.4257703081232493 0.038 0.5574229691876751 0.076
heineken 0.8487394957983193 0.76 1.0 0.8
heineken 0.6638655462184874 0.956 0.7394957983193278 0.986
heineken 0.13165266106442577 0.828 0.25770308123249297 0.868
heineken 0.0028011204481792717 0.004 0.10084033613445378 0.038