heineken 0.20546875 0.3078848560700876 0.27734375 0.42177722152690866
heineken 0.3609375 0.06508135168961202 0.4421875 0.14017521902377972
heineken 0.19453125 0.0625782227784731 0.26953125 0.1414267834793492
heineken 0.534375 0.008760951188986232 0.5796875 0.14643304130162704
heineken 0.36015625 0.28660826032540676 0.42421875 0.40550688360450565
heineken 0.5359375 0.344180225281602 0.61640625 0.41802252816020025
heineken 0.70234375 0.2903629536921151 0.77734375 0.38923654568210264
heineken 0.5421875 0.6295369211514393 0.628125 0.6946182728410513
heineken 0.3765625 0.5669586983729662 0.4515625 0.6633291614518148
heineken 0.2125 0.5919899874843555 0.2828125 0.685857321652065
heineken 0.73671875 0.5682102628285357 0.79921875 0.6896120150187734
heineken 0.21875 0.8322903629536921 0.2875 0.9299123904881101
heineken 0.3734375 0.8723404255319149 0.45 0.9612015018773467
heineken 0.54375 0.8485607008760951 0.60859375 0.9561952440550688
heineken 0.71484375 0.8460575719649562 0.765625 0.9649561952440551
heineken 0.80546875 0.6070087609511889 0.9171875 0.6996245306633292
heineken 0.00078125 0.5957446808510638 0.26328125 0.8460575719649562