heineken 0.2802734375 0.4231770833333333 0.646484375 0.5052083333333334
heineken 0.2119140625 0.028645833333333332 0.3232421875 0.109375
heineken 0.1103515625 0.38671875 0.1845703125 0.4479166666666667
heineken 0.2060546875 0.41796875 0.251953125 0.4518229166666667
heineken 0.4736328125 0.05078125 0.5205078125 0.08984375
heineken 0.2109375 0.15364583333333334 0.25390625 0.18489583333333334
heineken 0.6728515625 0.015625 0.7158203125 0.049479166666666664
heineken 0.76171875 0.20703125 0.8330078125 0.2604166666666667
heineken 0.8037109375 0.14583333333333334 0.8525390625 0.18229166666666666
heineken 0.6396484375 0.5520833333333334 0.71484375 0.6080729166666666
heineken 0.7412109375 0.546875 0.783203125 0.58203125
heineken 0.2314453125 0.7356770833333334 0.2998046875 0.7877604166666666
heineken 0.2705078125 0.8138020833333334 0.3251953125 0.8567708333333334
heineken 0.142578125 0.953125 0.1865234375 0.9856770833333334
heineken 0.083984375 0.16145833333333334 0.1826171875 0.3697916666666667
heineken 0.11328125 0.65234375 0.2158203125 0.8736979166666666
heineken 0.4052734375 0.15494791666666666 0.5859375 0.23307291666666666
heineken 0.78125 0.265625 0.880859375 0.4114583333333333
heineken 0.7421875 0.81640625 0.78515625 0.8489583333333334
heineken 0.744140625 0.8971354166666666 0.8447265625 0.9713541666666666
heineken 0.3955078125 0.8072916666666666 0.572265625 0.8958333333333334
heineken 0.205078125 0.20182291666666666 0.2490234375 0.3268229166666667
heineken 0.1689453125 0.6354166666666666 0.267578125 0.6861979166666666
heineken 0.73046875 0.375 0.826171875 0.4231770833333333
heineken 0.4072265625 0.71875 0.4892578125 0.8125
heineken 0.7451171875 0.72265625 0.7646484375 0.796875
heineken 0.810546875 0.6796875 0.9130859375 0.8671875
heineken 0.638671875 0.6380208333333334 0.6572265625 0.69921875
heineken 0.478515625 0.609375 0.5546875 0.6419270833333334
heineken 0.345703125 0.5872395833333334 0.384765625 0.6692708333333334
heineken 0.341796875 0.3619791666666667 0.35546875 0.40234375
heineken 0.5078125 0.21484375 0.580078125 0.3229166666666667
heineken 0.9365234375 0.4986979166666667 1.0 0.56640625