heineken 0.015333333333333332 0.03298774740810556 0.15733333333333333 0.08105560791705937
heineken 0.4073333333333333 0.17530631479736097 0.42966666666666664 0.35391140433553253
heineken 0.3516666666666667 0.6300659754948162 0.486 0.6748350612629594
heineken 0.3556666666666667 0.5254476908576814 0.41133333333333333 0.6017907634307257
heineken 0.19866666666666666 0.6423185673892554 0.22166666666666668 0.6508011310084826
heineken 0.11033333333333334 0.6366635249764373 0.13966666666666666 0.644674835061263
heineken 0.16033333333333333 0.6239396795475967 0.16933333333333334 0.6295947219604147
heineken 0.05266666666666667 0.5904806786050896 0.07366666666666667 0.5970782280867106
heineken 0.06333333333333334 0.5523091423185674 0.08666666666666667 0.5598491988689915
heineken 0.12233333333333334 0.530631479736098 0.12733333333333333 0.5725730442978322
heineken 0.05433333333333333 0.6244109330819981 0.073 0.6305372290292177
heineken 0.882 0.16211121583411875 0.9263333333333333 0.2115928369462771
heineken 0.6136666666666667 0.17342130065975495 0.6406666666666667 0.1823751178133836
heineken 0.672 0.16163996229971725 0.7026666666666667 0.17436380772855797
heineken 0.7256666666666667 0.17153628652214892 0.7483333333333333 0.18049010367577756
heineken 0.7873333333333333 0.07257304429783223 0.804 0.0999057492931197
heineken 0.7363333333333333 0.47926484448633366 0.808 0.5037700282752121
heineken 0.6986666666666667 0.45098963242224316 0.7123333333333334 0.5523091423185674
heineken 0.665 0.5136663524976437 0.6826666666666666 0.5235626767200754
heineken 0.8126666666666666 0.5136663524976437 0.8346666666666667 0.5240339302544769
heineken 0.8493333333333334 0.44957587181903863 0.8616666666666667 0.5499528746465598
heineken 0.74 0.4184731385485391 0.772 0.4622997172478794
heineken 0.814 0.48444863336475025 0.8286666666666667 0.5065975494816211
heineken 0.622 0.7855796418473139 0.674 0.7992459943449576
heineken 0.7106666666666667 0.8006597549481621 0.753 0.8157398680490103
heineken 0.7913333333333333 0.8699340245051838 0.8376666666666667 0.8850141376060321
heineken 0.8706666666666667 0.7987747408105561 0.9153333333333333 0.8124410933081998
heineken 0.6823333333333333 0.824693685202639 0.703 0.8331762488218661
heineken 0.7583333333333333 0.8444863336475024 0.7793333333333333 0.851555136663525
heineken 0.8486666666666667 0.8826578699340245 0.8723333333333333 0.8911404335532517
heineken 0.8763333333333333 0.885956644674835 0.8853333333333333 0.8916116870876531
heineken 0.8736666666666667 0.7285579641847314 0.879 0.760603204524034
heineken 0.9016666666666666 0.7295004712535345 0.9053333333333333 0.760603204524034
heineken 0.9283333333333333 0.7280867106503299 0.933 0.760603204524034
heineken 0.693 0.7478793590951932 0.697 0.7794533459000943
heineken 0.7673333333333333 0.7766258246936852 0.7713333333333333 0.8039585296889726
heineken 0.7796666666666666 0.7818096135721018 0.7836666666666666 0.8063147973609802
heineken 0.9186666666666666 0.8294062205466541 0.9343333333333333 0.8345900094250707
heineken 0.9356666666666666 0.8265786993402451 0.942 0.8317624882186616