heineken 0.36 0.40054495912806537 0.425 0.45776566757493187
heineken 0.719375 0.3260672116257947 0.778125 0.3760217983651226
heineken 0.14625 0.3851044504995459 0.203125 0.48138056312443234
heineken 0.211875 0.6385104450499546 0.253125 0.706630336058129
heineken 0.249375 0.6775658492279746 0.27125 0.7184377838328792
heineken 0.226875 0.3405994550408719 0.23625 0.4677565849227975
heineken 0.250625 0.3996366939146231 0.26125 0.5068119891008175
heineken 0.533125 0.3178928247048138 0.58625 0.4032697547683924
heineken 0.589375 0.5340599455040872 0.625625 0.594913714804723
heineken 0.626875 0.5703905540417802 0.645625 0.6049046321525886
heineken 0.601875 0.2706630336058129 0.613125 0.3869209809264305
heineken 0.62375 0.3405994550408719 0.635 0.42052679382379654
heineken 0.31125 0.21162579473206175 0.39375 0.24432334241598547
heineken 0.233125 0.1589464123524069 0.3125 0.18619436875567666
heineken 0.6125 0.11716621253405994 0.6775 0.1407811080835604
heineken 0.674375 0.16621253405994552 0.746875 0.18619436875567666