heineken 0.3950617283950617 0.7783505154639175 0.5478395061728395 0.8324742268041238
heineken 0.42901234567901236 0.2190721649484536 0.4984567901234568 0.25257731958762886
heineken 0.3472222222222222 0.25257731958762886 0.4104938271604938 0.27835051546391754
heineken 0.5169753086419753 0.25 0.5771604938271605 0.2757731958762887
heineken 0.3117283950617284 0.7577319587628866 0.37962962962962965 0.8170103092783505
heineken 0.22530864197530864 0.7422680412371134 0.30864197530864196 0.7963917525773195
heineken 0.10802469135802469 0.7422680412371134 0.21296296296296297 0.7860824742268041
heineken 0.5509259259259259 0.7577319587628866 0.6172839506172839 0.8067010309278351
heineken 0.6265432098765432 0.7371134020618557 0.7083333333333334 0.788659793814433
heineken 0.7145061728395061 0.729381443298969 0.8055555555555556 0.7757731958762887
heineken 0.6095679012345679 0.27319587628865977 0.6697530864197531 0.29896907216494845
heineken 0.7114197530864198 0.2860824742268041 0.7700617283950617 0.31443298969072164
heineken 0.1404320987654321 0.29896907216494845 0.19753086419753085 0.31958762886597936
heineken 0.2515432098765432 0.2809278350515464 0.3101851851851852 0.30412371134020616