heinekenn-würfel 0.07333333333333333 0.3925 0.21166666666666667 0.41375
heinekenn-würfel 0.24 0.395 0.37833333333333335 0.41875
heinekenn-würfel 0.4066666666666667 0.395 0.5516666666666666 0.41625
heinekenn-würfel 0.06 0.4725 0.19666666666666666 0.49625
heinekenn-würfel 0.23 0.4725 0.37333333333333335 0.49625
heinekenn-würfel 0.3983333333333333 0.47125 0.55 0.49875
heinekenn-würfel 0.57 0.46125 0.72 0.48375
heinekenn-würfel 0.5733333333333334 0.38375 0.7133333333333334 0.40625
heinekenn-würfel 0.74 0.3675 0.885 0.3925
heinekenn-würfel 0.7433333333333333 0.4475 0.8916666666666667 0.4725
heinekenn-würfel 0.05333333333333334 0.5525 0.20333333333333334 0.57875
heinekenn-würfel 0.06 0.63375 0.22 0.66
heinekenn-würfel 0.06166666666666667 0.73 0.225 0.76
heinekenn-würfel 0.23 0.55125 0.38166666666666665 0.58
heinekenn-würfel 0.25 0.635 0.405 0.66
heinekenn-würfel 0.25833333333333336 0.7225 0.415 0.755
heinekenn-würfel 0.44166666666666665 0.73 0.605 0.7575
heinekenn-würfel 0.43166666666666664 0.6325 0.5866666666666667 0.66125
heinekenn-würfel 0.4083333333333333 0.5525 0.56 0.575
heinekenn-würfel 0.5866666666666667 0.53875 0.7366666666666667 0.56375
heinekenn-würfel 0.6133333333333333 0.6225 0.7733333333333333 0.65125
heinekenn-würfel 0.6383333333333333 0.72 0.7983333333333333 0.755
heinekenn-würfel 0.7666666666666667 0.5275 0.9166666666666666 0.5525
heinekenn-würfel 0.7983333333333333 0.60875 0.9516666666666667 0.63625
heinekenn-würfel 0.8316666666666667 0.6975 0.99 0.72875