heineken 0.3140625 0.06336088154269973 0.465625 0.11019283746556474
heineken 0.54453125 0.06198347107438017 0.70234375 0.1046831955922865
heineken 0.09296875 0.07851239669421488 0.1359375 0.11019283746556474
heineken 0.0046875 0.07851239669421488 0.04140625 0.11294765840220386
heineken 0.18515625 0.07575757575757576 0.2265625 0.11294765840220386
heineken 0.7515625 0.05922865013774105 0.7953125 0.09779614325068871
heineken 0.84921875 0.06336088154269973 0.88984375 0.10055096418732783
heineken 0.93984375 0.06060606060606061 0.98203125 0.10192837465564739
heineken 0.0015625 0.22038567493112948 0.08828125 0.2630853994490358
heineken 0.16484375 0.2162534435261708 0.33046875 0.26170798898071623
heineken 0.3828125 0.21763085399449036 0.41953125 0.25757575757575757
heineken 0.471875 0.22176308539944903 0.51484375 0.25895316804407714
heineken 0.56328125 0.22176308539944903 0.60546875 0.25757575757575757
heineken 0.6875 0.20385674931129477 0.8375 0.25068870523415976
heineken 0.91796875 0.209366391184573 0.99921875 0.25206611570247933
heineken 0.01015625 0.371900826446281 0.046875 0.4132231404958678
heineken 0.09921875 0.37052341597796146 0.13515625 0.4090909090909091
heineken 0.1890625 0.371900826446281 0.228125 0.40771349862258954
heineken 0.31484375 0.3622589531680441 0.46484375 0.4132231404958678
heineken 0.54609375 0.3622589531680441 0.7 0.40771349862258954
heineken 0.75390625 0.3622589531680441 0.7921875 0.39944903581267216
heineken 0.84140625 0.3622589531680441 0.88515625 0.40082644628099173
heineken 0.93515625 0.3650137741046832 0.9796875 0.4022038567493113
heineken 0.00078125 0.5179063360881543 0.09453125 0.559228650137741
heineken 0.1703125 0.5110192837465565 0.33046875 0.559228650137741
heineken 0.384375 0.522038567493113 0.4234375 0.5564738292011019
heineken 0.47265625 0.5137741046831956 0.51640625 0.5564738292011019
heineken 0.559375 0.5247933884297521 0.60703125 0.5564738292011019
heineken 0.68828125 0.5055096418732782 0.83671875 0.5482093663911846
heineken 0.921875 0.5082644628099173 1.0 0.5550964187327824
heineken 0.0125 0.6735537190082644 0.053125 0.7052341597796143
heineken 0.10078125 0.6694214876033058 0.1453125 0.7079889807162535
heineken 0.19140625 0.6680440771349863 0.2375 0.7052341597796143
heineken 0.315625 0.662534435261708 0.4671875 0.7066115702479339
heineken 0.5453125 0.6556473829201102 0.7015625 0.7052341597796143
heineken 0.17890625 0.8126721763085399 0.33203125 0.8567493112947658
heineken 0.00078125 0.8099173553719008 0.1015625 0.8553719008264463
heineken 0.384375 0.8112947658402204 0.42421875 0.8526170798898072
heineken 0.47265625 0.8140495867768595 0.51796875 0.8539944903581267
heineken 0.56484375 0.8168044077134986 0.6078125 0.8539944903581267
heineken 0.684375 0.8057851239669421 0.83515625 0.8457300275482094
heineken 0.75234375 0.662534435261708 0.78984375 0.699724517906336
heineken 0.84296875 0.6652892561983471 0.88203125 0.699724517906336
heineken 0.934375 0.6639118457300276 0.97734375 0.6983471074380165
heineken 0.9125 0.800275482093664 0.99765625 0.8443526170798898
heineken 0.1984375 0.9628099173553719 0.23828125 0.9958677685950413
heineken 0.10859375 0.9614325068870524 0.15 0.9986225895316805
heineken 0.0234375 0.9641873278236914 0.0625 1.0
heineken 0.32265625 0.9517906336088154 0.46875 0.9986225895316805
heineken 0.54609375 0.9504132231404959 0.6984375 0.9972451790633609
heineken 0.7515625 0.9559228650137741 0.7890625 0.9931129476584022
heineken 0.84375 0.9573002754820936 0.8828125 0.9944903581267218
heineken 0.93515625 0.9573002754820936 0.975 0.9944903581267218