hsbc-text 0.3883333333333333 0.11625 0.5166666666666667 0.1475
hsbc-symbol 0.5183333333333333 0.11625 0.5833333333333334 0.145
nike 0.2816666666666667 0.28375 0.35 0.2975
kpmg 0.5483333333333333 0.305 0.6066666666666667 0.32625
facebook 0.21666666666666667 0.875 0.23833333333333334 0.8875
twitter 0.5266666666666666 0.8675 0.545 0.8825
hsbc-text 0.035 0.9425 0.13333333333333333 0.97125
hsbc-symbol 0.13666666666666666 0.9475 0.19833333333333333 0.97
rolex 0.30333333333333334 0.955 0.36 0.97875
xerox 0.37166666666666665 0.9625 0.43 0.975
cnn 0.5783333333333334 0.9325 0.6116666666666667 0.945