tmobile 0.7141472868217055 0.06690647482014389 0.8381782945736435 0.08992805755395683
tmobile 0.7160852713178295 0.3345323741007194 0.8313953488372093 0.35683453237410073
tmobile 0.7112403100775194 0.5755395683453237 0.8207364341085271 0.5971223021582733
tmobile 0.04941860465116279 0.0856115107913669 0.15213178294573643 0.10431654676258993
tmobile 0.07364341085271318 0.33237410071942447 0.17054263565891473 0.3539568345323741
tmobile 0.0998062015503876 0.5539568345323741 0.19089147286821706 0.5762589928057554
sonyericsson 0.11531007751937984 0.6539568345323741 0.2567829457364341 0.6820143884892086
sonyericsson 0.08624031007751938 0.43597122302158275 0.2364341085271318 0.4618705035971223
sonyericsson 0.05910852713178295 0.2014388489208633 0.22189922480620156 0.22949640287769785
sonyericsson 0.7228682170542635 0.19424460431654678 0.9040697674418605 0.22446043165467625
sonyericsson 0.7160852713178295 0.4460431654676259 0.8914728682170543 0.4762589928057554
sonyericsson 0.7122093023255814 0.6834532374100719 0.8788759689922481 0.7143884892086331