telekom 0.30454545454545456 0.012968299711815562 0.6618181818181819 0.12247838616714697
telekom 0.9636363636363636 0.5432276657060519 0.9945454545454545 0.5979827089337176
telekom 0.9127272727272727 0.531700288184438 0.9327272727272727 0.553314121037464
telekom 0.39454545454545453 0.4452449567723343 0.4718181818181818 0.5
telekom 0.13818181818181818 0.5979827089337176 0.15454545454545454 0.6239193083573487
telekom 0.02909090909090909 0.5230547550432276 0.046363636363636364 0.5461095100864554
telekom 0.46 0.6729106628242075 0.48363636363636364 0.7002881844380403
telekom 0.06818181818181818 0.5273775216138329 0.07818181818181819 0.5504322766570605
telekom 0.5918181818181818 0.5605187319884726 0.6027272727272728 0.579250720461095
telekom 0.5463636363636364 0.5417867435158501 0.5563636363636364 0.5576368876080692
telekom 0.47545454545454546 0.8847262247838616 0.48818181818181816 0.8948126801152738
telekom 0.15454545454545454 0.5979827089337176 0.16 0.622478386167147
telekom 0.8645454545454545 0.5331412103746398 0.8772727272727273 0.5547550432276657
telekom 0.4781818181818182 0.515850144092219 0.49 0.5288184438040345
telekom 0.3381818181818182 0.515850144092219 0.3463636363636364 0.5273775216138329
telekom 0.4090909090909091 0.5144092219020173 0.4254545454545455 0.5302593659942363