chanel-text 0.49714285714285716 0.16916488222698073 0.6428571428571429 0.21199143468950749
chanel 0.05714285714285714 0.4025695931477516 0.09142857142857143 0.4539614561027837
chanel-text 0.5414285714285715 0.9443254817987152 0.6057142857142858 0.9935760171306209
chanel-text 0.6385714285714286 0.8886509635974305 0.6985714285714286 0.9293361884368309
chanel-text 0.7214285714285714 0.8265524625267666 0.7785714285714286 0.8693790149892934
chanel-text 0.8057142857142857 0.7815845824411135 0.8557142857142858 0.8179871520342612
chanel-text 0.88 0.7323340471092077 0.9257142857142857 0.7665952890792291
chanel 0.09571428571428571 0.7109207708779444 0.11857142857142858 0.7516059957173448
chanel 0.16714285714285715 0.6702355460385439 0.19 0.7109207708779444
chanel 0.31285714285714283 0.6102783725910065 0.3342857142857143 0.6445396145610278
chanel 0.4542857142857143 0.5267665952890792 0.4757142857142857 0.5588865096359743
chanel 0.53 0.5160599571734475 0.5542857142857143 0.5481798715203426