toyota 0.567027027027027 0.40239410681399634 0.6018918918918919 0.4498158379373849
toyota-text 0.601081081081081 0.4129834254143646 0.6545945945945946 0.48342541436464087
target 0.7235135135135136 0.21823204419889503 0.7427027027027027 0.36970534069981587
target-symbol 0.7227027027027026 0.3724677716390424 0.745945945945946 0.4065377532228361
pepsi-text 0.33513513513513515 0.3867403314917127 0.3878378378378378 0.44751381215469616
pepsi-symbol 0.3527027027027027 0.4185082872928177 0.3827027027027027 0.4889502762430939
usbank 0.5875675675675676 0.5280847145488029 0.6378378378378379 0.5824125230202578
usbank 0.3332432432432432 0.5308471454880295 0.377027027027027 0.5741252302025782
target-symbol 0.10324324324324324 0.6933701657458563 0.11189189189189189 0.7062615101289135
target 0.08945945945945946 0.6961325966850829 0.10648648648648648 0.716390423572744
ups 0.7975675675675675 0.6404235727440147 0.8221621621621622 0.68646408839779