target 0.8196078431372549 0.6031331592689295 0.9137254901960784 0.6344647519582245
target-symbol 0.39215686274509803 0.4386422976501306 0.4411764705882353 0.5221932114882507
target-symbol 0.07254901960784314 0.2402088772845953 0.1 0.31592689295039167
target-symbol 0.9156862745098039 0.32114882506527415 0.9313725490196079 0.34203655352480417
target-symbol 0.9333333333333333 0.31592689295039167 0.9568627450980393 0.3368146214099217
target-symbol 0.9568627450980393 0.3133159268929504 0.9745098039215686 0.3368146214099217
target-symbol 0.9137254901960784 0.34203655352480417 0.9313725490196079 0.3629242819843342
target-symbol 0.9352941176470588 0.3368146214099217 0.9549019607843138 0.3629242819843342
target-symbol 0.9568627450980393 0.3368146214099217 0.9745098039215686 0.360313315926893
target-symbol 0.9156862745098039 0.36553524804177545 0.9333333333333333 0.38903394255874674
target-symbol 0.9352941176470588 0.36553524804177545 0.9568627450980393 0.3838120104438642
target-symbol 0.9568627450980393 0.3629242819843342 0.9745098039215686 0.381201044386423
target-symbol 0.9156862745098039 0.38903394255874674 0.9352941176470588 0.412532637075718
target-symbol 0.9352941176470588 0.38642297650130547 0.9568627450980393 0.40992167101827676
target-symbol 0.9568627450980393 0.3838120104438642 0.9764705882352941 0.4073107049608355
target-symbol 0.9137254901960784 0.412532637075718 0.9333333333333333 0.4360313315926893
target-symbol 0.9333333333333333 0.412532637075718 0.9568627450980393 0.43342036553524804
target-symbol 0.9568627450980393 0.40992167101827676 0.9764705882352941 0.4281984334203655
target-symbol 0.9156862745098039 0.43342036553524804 0.9333333333333333 0.45691906005221933
target-symbol 0.9372549019607843 0.43342036553524804 0.9549019607843138 0.45430809399477806
target-symbol 0.9588235294117647 0.43342036553524804 0.9745098039215686 0.45691906005221933
target-symbol 0.6568627450980392 0.3577023498694517 0.6686274509803921 0.370757180156658
target-symbol 0.6568627450980392 0.37597911227154046 0.6666666666666666 0.39425587467362927
target-symbol 0.6705882352941176 0.35509138381201044 0.6843137254901961 0.3733681462140992
target-symbol 0.6686274509803921 0.3733681462140992 0.6843137254901961 0.39425587467362927
target-symbol 0.6725490196078432 0.39425587467362927 0.6843137254901961 0.412532637075718
target-symbol 0.6725490196078432 0.4151436031331593 0.6843137254901961 0.43342036553524804
target-symbol 0.6725490196078432 0.43342036553524804 0.6843137254901961 0.4516971279373368
target-symbol 0.6725490196078432 0.4516971279373368 0.6843137254901961 0.4699738903394256
target-symbol 0.6588235294117647 0.4516971279373368 0.6705882352941176 0.4699738903394256
target-symbol 0.8392156862745098 0.4386422976501306 0.8549019607843137 0.4621409921671018
target-symbol 0.8372549019607843 0.42036553524804177 0.8549019607843137 0.4412532637075718
target-symbol 0.8352941176470589 0.3968668407310705 0.8549019607843137 0.4177545691906005
target-symbol 0.8372549019607843 0.37597911227154046 0.8529411764705882 0.39425587467362927
target-symbol 0.8372549019607843 0.3524804177545692 0.8529411764705882 0.3733681462140992
target-symbol 0.8352941176470589 0.3289817232375979 0.8529411764705882 0.3524804177545692
target-symbol 0.7490196078431373 0.34203655352480417 0.7647058823529411 0.3629242819843342
target-symbol 0.7470588235294118 0.3629242819843342 0.7627450980392156 0.3838120104438642
target-symbol 0.7490196078431373 0.3838120104438642 0.7647058823529411 0.4046997389033943
target-symbol 0.7490196078431373 0.4464751958224543 0.7666666666666667 0.46475195822454307
target-symbol 0.7490196078431373 0.4046997389033943 0.7647058823529411 0.4255874673629243