target-symbol 0.5433333333333333 0.1325 0.5816666666666667 0.19
target-symbol 0.6666666666666666 0.04 0.705 0.1025
target-symbol 0.8416666666666667 0.12 0.8866666666666667 0.18
target-symbol 0.8433333333333334 0.295 0.8866666666666667 0.3575
target-symbol 0.38 0.06 0.4166666666666667 0.1175
target-symbol 0.37833333333333335 0.2225 0.4166666666666667 0.2775
target-symbol 0.37666666666666665 0.3825 0.4166666666666667 0.44
target-symbol 0.6616666666666666 0.2075 0.7083333333333334 0.27
target-symbol 0.5566666666666666 0.2975 0.5816666666666667 0.365
target-symbol 0.07 0.4675 0.09833333333333333 0.51
target-symbol 0.10833333333333334 0.475 0.13833333333333334 0.5225
target-symbol 0.145 0.485 0.17666666666666667 0.53
target-symbol 0.18666666666666668 0.495 0.215 0.5375
target-symbol 0.22666666666666666 0.5025 0.25666666666666665 0.545
target-symbol 0.265 0.5125 0.295 0.555
target-symbol 0.30666666666666664 0.5225 0.3333333333333333 0.56
target-symbol 0.3433333333333333 0.5325 0.375 0.5725
target-symbol 0.38666666666666666 0.54 0.41333333333333333 0.58
target-symbol 0.42333333333333334 0.55 0.455 0.5875
target-symbol 0.4633333333333333 0.5575 0.495 0.5925
target-symbol 0.5066666666666667 0.57 0.5333333333333333 0.6075
target-symbol 0.5416666666666666 0.58 0.5733333333333334 0.6225
target-symbol 0.58 0.5925 0.6083333333333333 0.635
target-symbol 0.6183333333333333 0.605 0.6466666666666666 0.6475
target-symbol 0.655 0.6175 0.685 0.6575
target-symbol 0.695 0.6275 0.725 0.6675
target-symbol 0.735 0.6375 0.7616666666666667 0.6775
target-symbol 0.77 0.645 0.8 0.6875
target-symbol 0.8116666666666666 0.655 0.8416666666666667 0.6875
target-symbol 0.85 0.6575 0.8766666666666667 0.6875
target-symbol 0.8833333333333333 0.6375 0.905 0.67