bosch-text 0.226 0.09591474245115453 0.322 0.18294849023090587
bosch-symbol 0.182 0.0763765541740675 0.219 0.1349911190053286
bosch-text 0.424 0.4920071047957371 0.448 0.5950266429840142
bosch-text 0.364 0.458259325044405 0.39 0.5772646536412078
bosch-text 0.298 0.41207815275310833 0.32 0.5417406749555951
bosch-text 0.174 0.41563055062166965 0.199 0.5506216696269982
bosch-text 0.082 0.43872113676731794 0.109 0.5772646536412078
bosch-symbol 0.08 0.5790408525754884 0.099 0.6252220248667851
bosch-symbol 0.173 0.5559502664298401 0.194 0.6092362344582594
bosch-symbol 0.298 0.5488454706927176 0.313 0.5932504440497336
bosch-symbol 0.367 0.5772646536412078 0.387 0.6234458259325044
bosch-symbol 0.427 0.5950266429840142 0.449 0.6394316163410302