vw 0.7979274611398963 0.6170212765957447 0.8255613126079447 0.6787234042553192
würth 0.2538860103626943 0.6276595744680851 0.3013816925734024 0.6574468085106383
michelin 0.2236614853195164 0.7340425531914894 0.25906735751295334 0.7659574468085106
würth 0.025043177892918825 0.49148936170212765 0.05181347150259067 0.5191489361702127
michelin 0.6433506044905009 0.723404255319149 0.7029360967184801 0.7553191489361702
michelin 0.9214162348877375 0.7106382978723405 0.9542314335060449 0.7446808510638298
tcr 0.5975820379965457 0.3 0.6649395509499136 0.34893617021276596
tcr 0.8065630397236615 0.1127659574468085 0.8367875647668394 0.1425531914893617
tcr 0.25302245250431776 0.2702127659574468 0.3169257340241796 0.30851063829787234
facebook 0.23488773747841105 0.28297872340425534 0.24956822107081175 0.30638297872340425
facebook 0.5751295336787565 0.32127659574468087 0.5941278065630398 0.34893617021276596