       0/9      1.4G   0.03121  0.008235  0.003258   0.04271        61       416    0.7299    0.5583    0.6457    0.4411   0.06559   0.01607  0.005385
       1/9     5.58G   0.03174  0.008406  0.003467   0.04361        60       416    0.7058    0.5609    0.6274    0.4198   0.06743   0.01631   0.00578
       2/9     8.78G   0.03363   0.00848  0.003809   0.04592        45       416    0.5924     0.518     0.548    0.3578   0.06853   0.01699   0.00644
       3/9     8.78G   0.03598   0.00874  0.004344   0.04906        62       416    0.6584    0.5036    0.5434    0.3324   0.07056   0.01682  0.006005
       4/9     1.32G   0.03653  0.008528  0.004347    0.0494        61       416    0.6486    0.4894    0.5439    0.3327   0.06891   0.01734  0.006368
       5/9     5.99G   0.03496  0.008702  0.003842    0.0475        60       416    0.6542    0.5439    0.5827    0.3815   0.06811   0.01719  0.006191
       6/9     9.18G   0.03239  0.008374  0.003069   0.04383        45       416    0.6603    0.6071    0.6373    0.4122    0.0651   0.01736  0.005872
       7/9     9.18G   0.03117  0.008229  0.002737   0.04214        62       416    0.7378    0.5914    0.6551    0.4395    0.0645   0.01734  0.005397
       8/9     9.18G   0.03119  0.008172  0.003024   0.04239        43       416    0.7534    0.5897    0.6674    0.4642   0.06218   0.01728  0.005541
       9/9     9.18G   0.03023  0.008029  0.002525   0.04078        72       416    0.7546    0.6215    0.6854    0.4846   0.06199   0.01759  0.005088
