santander 0.361029842012873 0.22126001298982464 0.5447630193095377 0.2786317384715306
ec 0.8067583382094792 0.16280580212167137 0.8348449385605617 0.2814462004762936
santander 0.8124634289057928 0.2513531067330591 0.8360152135751902 0.2946525221909504
santander-symbol 0.8055880631948508 0.2833946741718987 0.815681685196021 0.3050443819008443
santander-symbol 0.3031012287887654 0.20523922927040486 0.3545933294324166 0.27689976185321497
santander 0.42554125219426564 0.7038319982680233 0.4571386775892335 0.7163888287508119
santander-symbol 0.4150087770626097 0.7016670274951288 0.42612638970157984 0.7163888287508119
santander 0.306173200702165 0.7250487118423902 0.3172908133411352 0.7293786533881793
santander-symbol 0.3029549444119368 0.7239662264559429 0.30631948507899354 0.7287291621563109
santander 0.6265359859566998 0.7250487118423902 0.6379461673493271 0.7291621563108898
santander-symbol 0.6236102984201287 0.7246157176878112 0.6268285547103569 0.7291621563108898
santander-symbol 0.7264482153306027 0.7233167352240745 0.7305441778818023 0.7287291621563109
santander 0.7308367466354593 0.7246157176878112 0.7419543592744295 0.7291621563108898
visa 0.5182855471035693 0.6531716821822905 0.5231129315389117 0.6572851266507902