fedex 0.4806451612903226 0.6701298701298701 0.5129032258064516 0.6909090909090909
fedex 0.7629032258064516 0.4883116883116883 0.8193548387096774 0.522077922077922
fedex 0.5983870967741935 0.4155844155844156 0.6435483870967742 0.43896103896103894
fedex 0.49032258064516127 0.36363636363636365 0.5274193548387097 0.38441558441558443
fedex 0.42096774193548386 0.33246753246753247 0.45161290322580644 0.34805194805194806
fedex 0.38548387096774195 0.2779220779220779 0.4096774193548387 0.2935064935064935
fedex 0.8903225806451613 0.2649350649350649 0.9209677419354839 0.2831168831168831
fedex 0.3016129032258065 0.561038961038961 0.44193548387096776 0.6285714285714286
fedex 0.23225806451612904 0.4675324675324675 0.3435483870967742 0.522077922077922
fedex 0.3193548387096774 0.5168831168831168 0.35 0.535064935064935
fedex 0.2467741935483871 0.42857142857142855 0.2725806451612903 0.44675324675324674