fedex 0.4743975903614458 0.25 0.5647590361445783 0.28846153846153844
fedex 0.2394578313253012 0.5269230769230769 0.3539156626506024 0.5961538461538461
fedex 0.015060240963855422 0.6826923076923077 0.21686746987951808 0.7865384615384615
fedex 0.19879518072289157 0.7942307692307692 0.2575301204819277 0.8269230769230769
fedex 0.3885542168674699 0.6346153846153846 0.4246987951807229 0.6557692307692308
fedex 0.7243975903614458 0.6942307692307692 0.8840361445783133 0.7730769230769231
fedex 0.7424698795180723 0.5461538461538461 0.8855421686746988 0.6153846153846154
fedex 0.5075301204819277 0.5192307692307693 0.6792168674698795 0.5923076923076923
fedex 0.5090361445783133 0.17884615384615385 0.5677710843373494 0.21346153846153845
fedex 0.7093373493975904 0.4480769230769231 0.7454819277108434 0.4653846153846154
fedex 0.9021084337349398 0.7 0.9593373493975904 0.7269230769230769
fedex 0.3629518072289157 0.7596153846153846 0.4006024096385542 0.7865384615384615