aspirin 0.7298245614035088 0.3607142857142857 0.7798245614035088 0.44642857142857145
aspirin 0.7350877192982456 0.23392857142857143 0.8061403508771929 0.2839285714285714
aspirin 0.8719298245614036 0.5964285714285714 0.9043859649122807 0.6267857142857143
aspirin 0.9710526315789474 0.6339285714285714 0.9991228070175439 0.6732142857142858
bayer 0.7368421052631579 0.8660714285714286 0.7596491228070176 0.9160714285714285
aspirin 0.37719298245614036 0.725 0.4114035087719298 0.7464285714285714
aspirin 0.3780701754385965 0.7928571428571428 0.41228070175438597 0.8125
aspirin 0.47543859649122805 0.7982142857142858 0.512280701754386 0.8232142857142857
aspirin 0.2412280701754386 0.6732142857142858 0.2710526315789474 0.6928571428571428
aspirin 0.060526315789473685 0.8160714285714286 0.08947368421052632 0.8410714285714286
bayer 0.7192982456140351 0.4142857142857143 0.7315789473684211 0.4446428571428571
bayer 0.3254385964912281 0.5785714285714286 0.33596491228070174 0.6