coca-cola 0.3711111111111111 0.6048632218844985 0.40555555555555556 0.6306990881458967
coca-cola 0.42 0.6033434650455927 0.45444444444444443 0.6291793313069909
coca-cola 0.4677777777777778 0.6033434650455927 0.5055555555555555 0.6291793313069909
coca-cola 0.5166666666666667 0.6063829787234043 0.5511111111111111 0.6291793313069909
coca-cola 0.5633333333333334 0.6063829787234043 0.6 0.6291793313069909
coca-cola 0.6133333333333333 0.60790273556231 0.6466666666666666 0.6291793313069909
coca-cola 0.35333333333333333 0.8358662613981763 0.4033333333333333 0.8890577507598785
coca-cola 0.41333333333333333 0.8130699088145896 0.4477777777777778 0.898176291793313
coca-cola 0.45666666666666667 0.8419452887537994 0.51 0.8890577507598785
coca-cola 0.5166666666666667 0.8145896656534954 0.5522222222222222 0.9042553191489362
coca-cola 0.5655555555555556 0.8389057750759878 0.6144444444444445 0.89209726443769
coca-cola 0.6244444444444445 0.8130699088145896 0.6611111111111111 0.9088145896656535