coca-cola 0.885923949299533 0.795662100456621 0.9686457638425617 0.9372146118721462
fcbayern 0.12675116744496331 0.5970319634703196 0.18812541694462975 0.7191780821917808
msvduisburg 0.07738492328218813 0.2146118721461187 0.13542361574382922 0.3242009132420091
bayer 0.26417611741160774 0.22146118721461186 0.2981987991994663 0.2899543378995434
ksc 0.1981320880587058 0.3858447488584475 0.25950633755837227 0.5
tsv-münchen 0.16877918612408271 0.21232876712328766 0.2361574382921948 0.3344748858447489
fcbochum 0.12074716477651767 0.3778538812785388 0.16811207471647766 0.5
fckaiserslautern 0.030687124749833223 0.6038812785388128 0.09272848565710473 0.730593607305936
bvb 0.2134756504336224 0.5856164383561644 0.2808539026017345 0.7134703196347032
fcdresden 0.333555703802535 0.5947488584474886 0.37691794529686456 0.680365296803653
scfreiburg 0.3055370246831221 0.3515981735159817 0.3509006004002668 0.4726027397260274
scwerderbremen 0.3709139426284189 0.2271689497716895 0.4122748498999333 0.3321917808219178
fcfrankfurt 0.46364242828552366 0.1769406392694064 0.52368245496998 0.2876712328767123
coca-cola 0.5490326884589727 0.204337899543379 0.5957304869913276 0.3812785388127854
mönchengladbach 0.47765176784523017 0.4121004566210046 0.5176784523015343 0.521689497716895
vfbstuttgart 0.3815877251501001 0.4269406392694064 0.4402935290193462 0.541095890410959
hamburgersv 0.39292861907938625 0.6073059360730594 0.4629753168779186 0.6986301369863014
schalke 0.4816544362908606 0.5993150684931506 0.5550366911274183 0.7340182648401826
1fcköln 0.5757171447631755 0.6746575342465754 0.619079386257505 0.7465753424657534
bayer 0.542361574382922 0.4463470319634703 0.5810540360240161 0.5182648401826484
coca-cola 0.5797198132088058 0.7876712328767124 0.619079386257505 0.817351598173516
coca-cola 0.03935957304869913 0.7671232876712328 0.07404936624416278 0.79337899543379
coca-cola 0.133422281521014 0.7579908675799086 0.16144096064042696 0.7853881278538812
coca-cola 0.22548365577051369 0.7579908675799086 0.25950633755837227 0.7853881278538812
coca-cola 0.34623082054703136 0.7659817351598174 0.3842561707805203 0.7899543378995434