coca-cola 0.14333333333333334 0.48131868131868133 0.2311111111111111 0.5076923076923077
coca-cola 0.2688888888888889 0.47985347985347987 0.3566666666666667 0.504029304029304
coca-cola 0.39555555555555555 0.48131868131868133 0.48777777777777775 0.5047619047619047
coca-cola 0.5155555555555555 0.48205128205128206 0.6066666666666667 0.5069597069597069
coca-cola 0.64 0.47985347985347987 0.7288888888888889 0.5069597069597069
coca-cola 0.7633333333333333 0.47985347985347987 0.8544444444444445 0.5069597069597069
coca-cola 0.09666666666666666 0.7692307692307693 0.2111111111111111 0.8322344322344323
coca-cola 0.2544444444444444 0.7450549450549451 0.3422222222222222 0.8527472527472527
coca-cola 0.36666666666666664 0.7728937728937729 0.4866666666666667 0.8322344322344323
coca-cola 0.5222222222222223 0.7391941391941392 0.6155555555555555 0.8454212454212454
coca-cola 0.6422222222222222 0.7706959706959707 0.7633333333333333 0.832967032967033
coca-cola 0.7955555555555556 0.7450549450549451 0.8855555555555555 0.8490842490842491