coca-cola 0.4511002444987775 0.6356275303643725 0.5256723716381418 0.6882591093117408
coca-cola 0.13202933985330073 0.6356275303643725 0.17114914425427874 0.6639676113360324
coca-cola 0.18581907090464547 0.6295546558704453 0.2176039119804401 0.6518218623481782
coca-cola 0.22616136919315402 0.5809716599190283 0.2603911980440098 0.6093117408906883
coca-cola 0.26405867970660146 0.6295546558704453 0.3105134474327628 0.6619433198380567
coca-cola 0.3154034229828851 0.6396761133603239 0.3508557457212714 0.6639676113360324
coca-cola 0.3594132029339853 0.6477732793522267 0.4132029339853301 0.6862348178137652
coca-cola 0.4193154034229829 0.631578947368421 0.44254278728606355 0.6558704453441295
coca-cola 0.5403422982885085 0.631578947368421 0.5635696821515892 0.6497975708502024
coca-cola 0.5684596577017115 0.645748987854251 0.6185819070904646 0.6821862348178138
coca-cola 0.6344743276283619 0.6396761133603239 0.6735941320293398 0.6700404858299596
coca-cola 0.6821515892420538 0.38461538461538464 0.7102689486552567 0.4089068825910931
coca-cola 0.6821515892420538 0.6275303643724697 0.7102689486552567 0.6558704453441295
coca-cola 0.7457212713936431 0.6376518218623481 0.78239608801956 0.6680161943319838
coca-cola 0.7139364303178484 0.6255060728744939 0.7408312958435208 0.6497975708502024
coca-cola 0.8264058679706602 0.6356275303643725 0.8569682151589242 0.6578947368421053