coca-cola 0.48777777777777775 0.6739788199697428 0.55 0.7065052950075643
coca-cola 0.5688888888888889 0.6520423600605144 0.6077777777777778 0.7170953101361573
coca-cola 0.6177777777777778 0.6641452344931922 0.6755555555555556 0.699697428139183
coca-cola 0.6855555555555556 0.6459909228441755 0.73 0.7065052950075643
coca-cola 0.7388888888888889 0.6558245083207261 0.7922222222222223 0.6906202723146747
coca-cola 0.7988888888888889 0.6361573373676248 0.84 0.697428139183056
coca-cola 0.4866666666666667 0.5037821482602118 0.5322222222222223 0.5196671709531013
coca-cola 0.5522222222222222 0.5030257186081695 0.5933333333333334 0.5196671709531013
coca-cola 0.61 0.5 0.6477777777777778 0.5181543116490166
coca-cola 0.6633333333333333 0.5 0.7044444444444444 0.5173978819969742
coca-cola 0.7188888888888889 0.5007564296520424 0.7533333333333333 0.5151285930408472
coca-cola 0.7711111111111111 0.5007564296520424 0.8111111111111111 0.5158850226928896