hersheys 0.13685239491691104 0.5815972222222222 0.3069403714565005 0.7326388888888888
hersheys 0.15249266862170088 0.8072916666666666 0.20918866080156404 0.8541666666666666
reeses 0.49853372434017595 0.8854166666666666 0.6080156402737048 0.984375
reeses 0.42424242424242425 0.6892361111111112 0.5366568914956011 0.7447916666666666
york 0.7595307917888563 0.59375 0.844574780058651 0.7378472222222222
hersheys 0.5962854349951124 0.6336805555555556 0.6823069403714564 0.703125
hersheys 0.5962854349951124 0.7361111111111112 0.7116324535679375 0.8194444444444444
twizzlers 0.26392961876832843 0.11458333333333333 0.39882697947214074 0.22395833333333334
jolyrancher 0.10948191593352884 0.2326388888888889 0.2287390029325513 0.40625
brookside 0.5777126099706745 0.11979166666666667 0.7233626588465298 0.19618055555555555
lancaster 0.396871945259042 0.2881944444444444 0.5718475073313783 0.3559027777777778