hersheys 0.1225 0.1 0.9325 0.41
hersheys 0.04625 0.49666666666666665 0.22375 0.5766666666666667
hersheys 0.2975 0.49333333333333335 0.47625 0.5816666666666667
hersheys 0.54875 0.49333333333333335 0.73625 0.5816666666666667
hersheys 0.80375 0.49166666666666664 0.99375 0.575
hersheys 0.02625 0.6833333333333333 0.21 0.77
hersheys 0.28625 0.685 0.475 0.7733333333333333
hersheys 0.54625 0.685 0.7375 0.7766666666666666
hersheys 0.81375 0.6883333333333334 0.99875 0.7733333333333333
hersheys 0.82125 0.89 0.9975 0.9883333333333333
hersheys 0.545 0.8866666666666667 0.74125 0.9833333333333333
hersheys 0.27125 0.885 0.46875 0.98
hersheys 0.0075 0.8766666666666667 0.2 0.9816666666666667