york 0.246875 0.8317708333333333 0.33984375 0.9317708333333333
kitkat 0.076953125 0.6427083333333333 0.24765625 0.7765625
kitkat 0.14765625 0.3609375 0.304296875 0.49583333333333335
kitkat 0.0140625 0.1453125 0.09921875 0.334375
reeses 0.424609375 0.08229166666666667 0.541796875 0.37916666666666665
hersheys 0.57109375 0.40677083333333336 0.63828125 0.49583333333333335
kitkat 0.698828125 0.23229166666666667 0.823046875 0.35885416666666664
kitkat 0.479296875 0.0005208333333333333 0.60546875 0.04635416666666667
york 0.203515625 0.11458333333333333 0.270703125 0.21875
kitkat 0.80625 0.8192708333333333 0.904296875 0.9458333333333333
kitkat 0.92265625 0.3854166666666667 0.96171875 0.5057291666666667