colgate 0.020168067226890758 0.04873949579831933 0.2495798319327731 0.16134453781512606
colgate 0.02689075630252101 0.23025210084033612 0.253781512605042 0.34789915966386553
colgate 0.03529411764705882 0.5932773109243697 0.2596638655462185 0.7058823529411765
colgate 0.03949579831932773 0.7747899159663866 0.26134453781512607 0.8823529411764706
colgate 0.4436974789915966 0.047058823529411764 0.6638655462184874 0.15630252100840336
colgate 0.4907563025210084 0.6504201680672269 0.6773109243697479 0.7310924369747899
colgate 0.446218487394958 0.226890756302521 0.6663865546218487 0.3411764705882353
colgate 0.8529411764705882 0.058823529411764705 0.9521008403361344 0.1092436974789916
colgate 0.8546218487394958 0.17142857142857143 0.9537815126050421 0.2218487394957983
colgate 0.8512605042016806 0.2823529411764706 0.9495798319327731 0.334453781512605
colgate 0.473109243697479 0.9529411764705882 0.6714285714285714 1.0
colgate 0.04285714285714286 0.9563025210084034 0.27058823529411763 1.0
colgate 0.8722689075630252 0.5495798319327732 0.8831932773109243 0.6907563025210084
colgate 0.8613445378151261 0.7344537815126051 0.8697478991596639 0.880672268907563
colgate 0.9 0.5798319327731093 1.0 0.680672268907563
colgate 0.8865546218487395 0.7647058823529411 1.0 0.8689075630252101
colgate 0.8781512605042017 0.9394957983193277 1.0 1.0
colgate 0.853781512605042 0.9092436974789916 0.8647058823529412 0.9983193277310924