redbull 0.12786885245901639 0.4198250728862974 0.26721311475409837 0.565597667638484
redbull 0.32459016393442625 0.36151603498542273 0.4459016393442623 0.49271137026239065
redbull 0.4672131147540984 0.2915451895043732 0.6262295081967213 0.4402332361516035
redbull 0.6672131147540984 0.21865889212827988 0.7934426229508197 0.33527696793002915
redbull 0.839344262295082 0.14868804664723032 0.9442622950819672 0.26239067055393583
redbull-symbol 0.001639344262295082 0.6180758017492711 0.07213114754098361 0.7084548104956269
redbull-symbol 0.1819672131147541 0.5276967930029155 0.2754098360655738 0.6268221574344023
redbull-symbol 0.36885245901639346 0.4577259475218659 0.4491803278688525 0.5510204081632653
redbull-symbol 0.5065573770491804 0.4139941690962099 0.6131147540983607 0.5131195335276968
redbull-symbol 0.719672131147541 0.30903790087463556 0.7950819672131147 0.3877551020408163
redbull-symbol 0.8836065573770492 0.2303206997084548 0.9491803278688524 0.3206997084548105