redbull 0.12234042553191489 0.47035573122529645 0.28617021276595744 0.5928853754940712
redbull 0.2797872340425532 0.5 0.451063829787234 0.6363636363636364
redbull 0.4542553191489362 0.525691699604743 0.6542553191489362 0.6561264822134387
redbull 0.674468085106383 0.5553359683794467 0.8787234042553191 0.6857707509881423
redbull 0.8808510638297873 0.525691699604743 0.9968085106382979 0.642292490118577
redbull 0.007446808510638298 0.4683794466403162 0.12234042553191489 0.5770750988142292
redbull-symbol 0.15106382978723404 0.6027667984189723 0.28404255319148936 0.7055335968379447
redbull-symbol 0.28936170212765955 0.6343873517786561 0.41595744680851066 0.7371541501976284
redbull-symbol 0.4787234042553192 0.66600790513834 0.6223404255319149 0.7747035573122529
redbull-symbol 0.7180851063829787 0.6936758893280632 0.8574468085106383 0.808300395256917
redbull-symbol 0.9106382978723404 0.6442687747035574 0.9946808510638298 0.7490118577075099
redbull-symbol 0.0010638297872340426 0.5889328063241107 0.08085106382978724 0.691699604743083