redbull 0.4225130890052356 0.384 0.587434554973822 0.476
redbull 0.5937172774869109 0.45 0.7471204188481675 0.543
redbull 0.26544502617801047 0.456 0.4120418848167539 0.537
redbull 0.09633507853403141 0.618 0.1261780104712042 0.904
redbull-symbol 0.293717277486911 0.547 0.38952879581151834 0.613
redbull-symbol 0.4544502617801047 0.483 0.5581151832460733 0.551
redbull-symbol 0.6198952879581152 0.545 0.7209424083769633 0.613
redbull 0.7560209424083769 0.618 0.7842931937172775 0.908
redbull-symbol 0.9350785340314136 0.172 1.0 0.245
redbull-symbol 0.11204188481675392 0.209 0.2476439790575916 0.429
redbull-symbol 0.7727748691099476 0.218 0.9036649214659686 0.426