redbull 0.5610526315789474 0.5281385281385281 0.7231578947368421 0.6479076479076479
at&t 0.8694736842105263 0.41414141414141414 0.9084210526315789 0.4444444444444444
esso 0.8747368421052631 0.45021645021645024 0.9136842105263158 0.4906204906204906
redbull-symbol 0.5915789473684211 0.4069264069264069 0.7663157894736842 0.49206349206349204
mobil 0.10421052631578948 0.7215007215007215 0.19157894736842104 0.7821067821067821
redbull-symbol 0.18 0.5887445887445888 0.27263157894736845 0.6738816738816739
redbull 0.12105263157894737 0.5064935064935064 0.14105263157894737 0.5627705627705628
redbull-symbol 0.09368421052631579 0.3997113997113997 0.1231578947368421 0.42712842712842713
redbull 0.09157894736842105 0.42424242424242425 0.12842105263157894 0.44733044733044736
puma 0.5463157894736842 0.5685425685425686 0.5621052631578948 0.5873015873015873
pirelli 0.21473684210526317 0.36507936507936506 0.25263157894736843 0.3838383838383838
pirelli 0.27052631578947367 0.36075036075036077 0.3063157894736842 0.3823953823953824
pirelli 0.31157894736842107 0.3578643578643579 0.34421052631578947 0.37806637806637805
pirelli 0.36 0.3448773448773449 0.40842105263157896 0.37373737373737376
pirelli 0.4263157894736842 0.34054834054834054 0.4789473684210526 0.3694083694083694
pirelli 0.5 0.3362193362193362 0.5610526315789474 0.3665223665223665
pirelli 0.5852631578947368 0.3333333333333333 0.651578947368421 0.36363636363636365
pirelli 0.6778947368421052 0.32611832611832614 0.7526315789473684 0.3593073593073593
pirelli 0.7852631578947369 0.3189033189033189 0.8736842105263158 0.354978354978355
pirelli 0.9210526315789473 0.31024531024531027 1.0 0.35209235209235207