redbull 0.39866666666666667 0.55 0.578 0.621
redbull-symbol 0.424 0.468 0.5653333333333334 0.546
redbull 0.502 0.376 0.542 0.414
redbull-symbol 0.6626666666666666 0.46 0.6866666666666666 0.502
redbull 0.6066666666666667 0.266 0.7906666666666666 0.335
redbull-symbol 0.626 0.166 0.7746666666666666 0.259
redbull-symbol 0.20266666666666666 0.173 0.36333333333333334 0.264
redbull-symbol 0.464 0.029 0.534 0.066
facebook 0.09933333333333333 0.591 0.128 0.628
redbull 0.3313333333333333 0.596 0.4026666666666667 0.634
redbull-symbol 0.3273333333333333 0.576 0.384 0.606
sapinda 0.5146666666666667 0.432 0.6086666666666667 0.472
redbull 0.466 0.061 0.536 0.085