redbull 0.5781818181818181 0.6898222940226171 0.75 0.8336025848142165
puma 0.5454545454545454 0.6946688206785138 0.5654545454545454 0.7253634894991923
total 0.025454545454545455 0.7576736672051696 0.18 0.8239095315024233
total 0.8472727272727273 0.6639741518578353 0.9072727272727272 0.7075928917609047
at&t 0.8536363636363636 0.6219709208400647 0.8909090909090909 0.6575121163166397
redbull-symbol 0.6218181818181818 0.6009693053311793 0.7890909090909091 0.7302100161550888
pirelli 0.2909090909090909 0.6316639741518578 0.3572727272727273 0.6704361873990307
pirelli 0.9054545454545454 0.7075928917609047 0.94 0.7382875605815832
redbull-symbol 0.1809090909090909 0.7075928917609047 0.23545454545454544 0.7819063004846527
puma 0.3563636363636364 0.4378029079159935 0.37454545454545457 0.4588045234248788
puma 0.3972727272727273 0.4668820678513732 0.41363636363636364 0.4894991922455573
puma 0.39454545454545453 0.5266558966074314 0.4109090909090909 0.5476575121163166
puma 0.3927272727272727 0.5880452342487884 0.4109090909090909 0.6106623586429726
puma 0.35 0.5573505654281099 0.3690909090909091 0.5815831987075929
puma 0.35454545454545455 0.49434571890145396 0.3718181818181818 0.5169628432956381
puma 0.43727272727272726 0.4975767366720517 0.4527272727272727 0.5201938610662359
puma 0.43454545454545457 0.5573505654281099 0.45454545454545453 0.5815831987075929
puma 0.4354545454545454 0.6203554119547657 0.45181818181818184 0.6429725363489499
puma 0.44 0.43618739903069464 0.45454545454545453 0.4588045234248788
puma 0.4781818181818182 0.5880452342487884 0.4954545454545455 0.6106623586429726
puma 0.4772727272727273 0.6526655896607432 0.4954545454545455 0.6752827140549273
puma 0.4781818181818182 0.5282714054927302 0.4954545454545455 0.5492730210016155
puma 0.47909090909090907 0.4668820678513732 0.49636363636363634 0.4894991922455573
puma 0.52 0.6203554119547657 0.54 0.6462035541195477
puma 0.5218181818181818 0.5541195476575121 0.5390909090909091 0.5815831987075929
puma 0.52 0.49434571890145396 0.5381818181818182 0.518578352180937
puma 0.52 0.4345718901453958 0.5372727272727272 0.4604200323101777
puma 0.5636363636363636 0.5880452342487884 0.5827272727272728 0.6122778675282714
puma 0.5636363636363636 0.5250403877221325 0.58 0.5492730210016155
puma 0.5618181818181818 0.46526655896607433 0.58 0.4878836833602585
puma 0.6054545454545455 0.4975767366720517 0.6218181818181818 0.5218093699515347
puma 0.6054545454545455 0.4345718901453958 0.6209090909090909 0.4604200323101777
puma 0.649090909090909 0.5250403877221325 0.6663636363636364 0.5508885298869144
puma 0.6463636363636364 0.46526655896607433 0.6618181818181819 0.4862681744749596
puma 0.6918181818181818 0.5525040387722132 0.71 0.5815831987075929
puma 0.6890909090909091 0.49434571890145396 0.7063636363636364 0.518578352180937
puma 0.6872727272727273 0.4345718901453958 0.7027272727272728 0.4604200323101777
puma 0.730909090909091 0.5250403877221325 0.7472727272727273 0.5460420032310178
puma 0.7272727272727273 0.4620355411954766 0.7436363636363637 0.4878836833602585
puma 0.7363636363636363 0.5880452342487884 0.7527272727272727 0.6122778675282714
puma 0.3090909090909091 0.5848142164781907 0.32545454545454544 0.6122778675282714
puma 0.31272727272727274 0.5218093699515347 0.32727272727272727 0.5476575121163166
puma 0.31636363636363635 0.46526655896607433 0.3327272727272727 0.4878836833602585