infiniti-text 0.4655393835616438 0.2454798331015299 0.6367722602739726 0.2767732962447844
pepejeans 0.3752140410958904 0.48504867872044505 0.4323630136986301 0.5045201668984701
infiniti-symbol 0.456763698630137 0.6143949930458971 0.4974315068493151 0.6321279554937413
renault 0.4629708904109589 0.5191237830319889 0.5205479452054794 0.5305980528511822
total 0.4625428082191781 0.5006954102920723 0.5222602739726028 0.510778859527121
renault 0.4961472602739726 0.40438108484005564 0.5368150684931506 0.41863699582753827
redbull 0.5044948630136986 0.39221140472878996 0.5293236301369864 0.40438108484005564
redbull-symbol 0.5066352739726028 0.38143254520166897 0.5271832191780822 0.39360222531293465
redbull 0.2226027397260274 0.6213490959666204 0.253638698630137 0.6717663421418637
redbull-symbol 0.2363013698630137 0.6150904033379694 0.2628424657534247 0.6634214186369958
redbull 0.1583904109589041 0.3445757997218359 0.1952054794520548 0.4120305980528512
redbull-symbol 0.16459760273972604 0.33414464534075106 0.20997431506849315 0.40785813630041723
redbull-symbol 0.2125428082191781 0.36682892906815023 0.2497859589041096 0.4370653685674548
redbull 0.20954623287671234 0.3852573018080668 0.2401541095890411 0.4468011126564673
redbull 0.2699058219178082 0.41863699582753827 0.3383989726027397 0.4624478442280946
rauch 0.2677654109589041 0.3730876216968011 0.2938784246575342 0.39151599443671764
total 0.2677654109589041 0.3497913769123783 0.2913099315068493 0.36543810848400554
redbull 0.296875 0.30076495132127956 0.3131421232876712 0.3118915159944367
redbull-symbol 0.3131421232876712 0.3021557719054242 0.3232020547945205 0.3118915159944367
uvex 0.3030821917808219 0.2086230876216968 0.3178510273972603 0.21627260083449235
rauch 0.3987585616438356 0.4242002781641168 0.421875 0.4398470097357441
infiniti-symbol 0.2440068493150685 0.19436717663421418 0.2681934931506849 0.21070931849791377
infiniti-text 0.2405821917808219 0.2114047287899861 0.277611301369863 0.22183588317107092
redbull 0.2204623287671233 0.1780250347705146 0.2666952054794521 0.19367176634214187
rauch 0.3895547945205479 0.6620305980528511 0.4227311643835616 0.7037552155771906
redbull 0.014340753424657534 0.14603616133518776 0.052226027397260275 0.20340751043115438
redbull-symbol 0.02482876712328767 0.1331710709318498 0.06506849315068493 0.2041029207232267
redbull-symbol 0.23180650684931506 0.2938108484005563 0.24122431506849315 0.3021557719054242
redbull 0.21875 0.29033379694019473 0.23137842465753425 0.29902642559109877
infiniti-symbol 0.22003424657534246 0.2826842837273992 0.22709760273972604 0.2913769123783032
rauch 0.604666095890411 0.42628650904033377 0.627568493150685 0.4398470097357441
redbull 0.7345890410958904 0.2148817802503477 0.7435787671232876 0.27746870653685674
redbull 0.7097602739726028 0.4012517385257302 0.7392979452054794 0.4593184979137691
redbull 0.7701198630136986 0.48435326842837273 0.8360445205479452 0.53894297635605
infiniti-symbol 0.797945205479452 0.5142559109874826 0.8324058219178082 0.5483310152990264
infiniti-text 0.799443493150685 0.5326842837273992 0.8505993150684932 0.5719749652294854
total 0.8120719178082192 0.5438108484005564 0.855736301369863 0.5879694019471489
redbull-symbol 0.7679794520547946 0.4683588317107093 0.8202054794520548 0.5132127955493742
redbull-symbol 0.7033390410958904 0.36821974965229487 0.7371575342465754 0.4422809457579972
redbull-symbol 0.7101883561643836 0.20653685674547984 0.7371575342465754 0.2760778859527121
casio 0.801583904109589 0.31154381084840055 0.8302654109589042 0.33936022253129344
renault 0.802654109589041 0.327538247566064 0.8334760273972602 0.3532684283727399
rauch 0.8060787671232876 0.3480528511821975 0.8334760273972602 0.36995827538247567
infiniti-symbol 0.8129280821917808 0.3939499304589708 0.8298373287671232 0.4064673157162726
infiniti-text 0.8056506849315068 0.4040333796940195 0.8360445205479452 0.4151599443671766
pepejeans 0.768193493150685 0.35465924895688455 0.7904537671232876 0.3633518776077886
infiniti-symbol 0.7671232876712328 0.3209318497913769 0.780179794520548 0.3344923504867872
infiniti-text 0.7596318493150684 0.2579972183588317 0.7686215753424658 0.3209318497913769
redbull-symbol 0.8730736301369864 0.30910987482614743 0.9180222602739726 0.36856745479833103
redbull 0.8923373287671232 0.33692628650904033 0.9263698630136986 0.3769123783031989
total 0.9580479452054794 0.34144645340751045 0.9910102739726028 0.35396383866481224
infiniti-symbol 0.9445633561643836 0.32510431154381086 0.9717465753424658 0.336230876216968
redbull 0.8525256849315068 0.26495132127955495 0.876070205479452 0.3045897079276773
casio 0.882277397260274 0.46522948539638387 0.9079623287671232 0.4829624478442281
renault 0.8799229452054794 0.480528511821975 0.9083904109589042 0.49965229485396384
rauch 0.8788527397260274 0.5017385257301809 0.9017551369863014 0.519471488178025
infiniti-symbol 0.8777825342465754 0.5479833101529903 0.8923373287671232 0.5618915159944368
rauch 0.6042380136986302 0.6641168289290682 0.647902397260274 0.7023643949930459
rauch 0.5918236301369864 0.3390125173852573 0.6153681506849316 0.35465924895688455
infiniti-symbol 0.5918236301369864 0.3703059805285118 0.6065924657534246 0.3894297635605007