redbull-symbol 0.7153333333333334 0.744 0.7646666666666667 0.791
redbull-symbol 0.22933333333333333 0.644 0.3913333333333333 0.769
infiniti-text 0.12533333333333332 0.668 0.17466666666666666 0.689
infiniti-symbol 0.10666666666666667 0.667 0.128 0.694
pirelli 0.074 0.771 0.10666666666666667 0.793
pirelli 0.5073333333333333 0.745 0.5486666666666666 0.777
infiniti-symbol 0.4686666666666667 0.755 0.5026666666666667 0.793
redbull 0.258 0.758 0.38333333333333336 0.877
renault 0.24933333333333332 0.768 0.29333333333333333 0.814
redbull 0.206 0.704 0.23666666666666666 0.725
pirelli 0.7106666666666667 0.9 0.7546666666666667 0.922
geox 0.38466666666666666 0.727 0.428 0.746
total 0.108 0.719 0.16933333333333334 0.757
total 0.6173333333333333 0.831 0.7 0.87