redbull 0.16875 0.36061381074168797 0.434375 0.4373401534526854
redbull 0.6453125 0.3554987212276215 0.9 0.42455242966751916
redbull 0.5953125 0.13810741687979539 0.8 0.18414322250639387
redbull 0.225 0.13810741687979539 0.4328125 0.19437340153452684
redbull 0.15 0.6061381074168798 0.471875 0.7161125319693095
redbull 0.628125 0.5959079283887468 0.94375 0.7084398976982097
redbull 0.2890625 0.8312020460358056 0.5140625 0.8951406649616368
redbull-symbol 0.5359375 0.8184143222506394 0.8109375 0.9207161125319693
redbull-symbol 0.678125 0.7058823529411765 0.84375 0.7698209718670077
redbull-symbol 0.2359375 0.7161125319693095 0.4046875 0.7877237851662404
redbull-symbol 0.6921875 0.30434782608695654 0.825 0.35294117647058826
redbull-symbol 0.240625 0.31202046035805625 0.384375 0.36061381074168797
redbull-symbol 0.6390625 0.10741687979539642 0.7390625 0.14066496163682865
redbull-symbol 0.2875 0.11253196930946291 0.390625 0.1432225063938619