redbull 0.37265625 0.27155727155727155 0.4734375 0.3307593307593308
redbull 0.071875 0.3474903474903475 0.27421875 0.4749034749034749
redbull 0.04609375 0.6357786357786358 0.21640625 0.7786357786357786
redbull 0.3546875 0.5662805662805663 0.4546875 0.6203346203346203
redbull 0.1328125 0.10038610038610038 0.23671875 0.2072072072072072
redbull-symbol 0.15078125 0.18275418275418276 0.21484375 0.24453024453024452
redbull-symbol 0.55859375 0.23294723294723294 0.72109375 0.3384813384813385
redbull-symbol 0.55234375 0.14157014157014158 0.6421875 0.2072072072072072
redbull-symbol 0.80078125 0.10553410553410554 0.91171875 0.16988416988416988
redbull 0.76796875 0.010296010296010296 0.9609375 0.11583011583011583
redbull 0.52109375 0.05662805662805663 0.67734375 0.15572715572715573
redbull 0.2703125 0.1956241956241956 0.315625 0.23294723294723294
redbull-symbol 0.28984375 0.28957528957528955 0.36015625 0.35135135135135137
redbull-symbol 0.47109375 0.5765765765765766 0.58359375 0.6499356499356499
redbull-symbol 0.65625 0.5817245817245817 0.790625 0.6628056628056628
redbull 0.81875 0.5855855855855856 0.97421875 0.6563706563706564
redbull 0.5796875 0.8404118404118404 0.70703125 0.9987129987129987
redbull-symbol 0.5265625 0.851994851994852 0.6125 0.9369369369369369
redbull 0.29609375 0.7258687258687259 0.45859375 0.7657657657657657
redbull-symbol 0.74609375 0.4980694980694981 0.80078125 0.5315315315315315
redbull 0.72890625 0.4543114543114543 0.79453125 0.4967824967824968
redbull 0.64765625 0.4594594594594595 0.69765625 0.49163449163449163
redbull 0.3578125 0.4646074646074646 0.3953125 0.5045045045045045
redbull 0.90390625 0.4594594594594595 0.9828125 0.5070785070785071
redbull-symbol 0.915625 0.5057915057915058 0.975 0.5405405405405406
redbull 0.7390625 0.21492921492921493 0.88359375 0.29343629343629346
redbull 0.00078125 0.028314028314028315 0.07109375 0.13384813384813385
redbull-symbol 0.00078125 0.12097812097812098 0.04140625 0.1788931788931789