total 0.042708333333333334 0.78203125 0.1921875 0.83046875
total 0.8385416666666666 0.6828125 0.8953125 0.71953125
at&t 0.8458333333333333 0.64609375 0.8807291666666667 0.67734375
redbull-symbol 0.6145833333333334 0.6203125 0.7807291666666667 0.73203125
redbull 0.5744791666666667 0.71875 0.7375 0.8265625
puma 0.5447916666666667 0.72109375 0.5630208333333333 0.74140625
pirelli 0.30052083333333335 0.67421875 0.36041666666666666 0.70546875
pirelli 0.8958333333333334 0.72734375 0.9239583333333333 0.753125
siemens-text 0.7411458333333333 0.77421875 0.7598958333333333 0.78828125
redbull-symbol 0.1765625 0.72421875 0.2453125 0.778125
rauch 0.484375 0.8109375 0.5401041666666667 0.846875