redbull 0.31666666666666665 0.7239709443099274 0.5066666666666667 0.774818401937046
redbull-symbol 0.5333333333333333 0.711864406779661 0.7983333333333333 0.8184019370460048
redbull 0.475 0.28329297820823246 0.5183333333333333 0.39709443099273606
redbull 0.505 0.1162227602905569 0.5433333333333333 0.2009685230024213
redbull 0.19166666666666668 0.26634382566585957 0.265 0.3946731234866828
redbull 0.2633333333333333 0.11864406779661017 0.31833333333333336 0.21307506053268765
redbull-symbol 0.24666666666666667 0.2929782082324455 0.2833333333333333 0.36561743341404357
redbull-symbol 0.5216666666666666 0.2929782082324455 0.555 0.36319612590799033
redbull 0.7483333333333333 0.26150121065375304 0.8 0.387409200968523
redbull 0.7383333333333333 0.10653753026634383 0.7816666666666666 0.2009685230024213
redbull-symbol 0.7966666666666666 0.28087167070217917 0.8316666666666667 0.36319612590799033