redbull 0.4092071611253197 0.7916666666666666 0.7928388746803069 0.855
redbull-symbol 0.4859335038363171 0.8583333333333333 0.710997442455243 0.9183333333333333
redbull 0.7774936061381074 0.17666666666666667 0.8593350383631714 0.19333333333333333
redbull 0.7774936061381074 0.295 0.8542199488491049 0.31
redbull 0.7749360613810742 0.415 0.8516624040920716 0.43166666666666664
redbull 0.7723785166240409 0.535 0.8516624040920716 0.5516666666666666
redbull 0.7698209718670077 0.6533333333333333 0.8439897698209718 0.67
redbull-symbol 0.3171355498721228 0.7166666666666667 0.3734015345268542 0.7333333333333333
redbull-symbol 0.7979539641943734 0.19166666666666668 0.8363171355498721 0.20333333333333334
redbull-symbol 0.7928388746803069 0.31 0.8388746803069054 0.32
redbull-symbol 0.7928388746803069 0.43166666666666664 0.8337595907928389 0.44166666666666665
redbull-symbol 0.7902813299232737 0.5533333333333333 0.8337595907928389 0.5633333333333334
redbull-symbol 0.7902813299232737 0.6666666666666666 0.8286445012787724 0.68
redbull 0.25831202046035806 0.6533333333333333 0.329923273657289 0.6783333333333333
redbull-symbol 0.26854219948849106 0.6083333333333333 0.3375959079283887 0.6616666666666666