redbull 0.29193548387096774 0.4068767908309456 0.39838709677419354 0.6217765042979942
redbull 0.19032258064516128 0.42120343839541546 0.28225806451612906 0.6246418338108882
redbull 0.08870967741935484 0.4269340974212034 0.17096774193548386 0.6160458452722063
redbull-symbol 0.07258064516129033 0.3209169054441261 0.13709677419354838 0.3667621776504298
redbull-symbol 0.17580645161290323 0.32664756446991405 0.2435483870967742 0.3753581661891118
redbull-symbol 0.28225806451612906 0.31805157593123207 0.3419354838709677 0.3667621776504298
redbull-symbol 0.4274193548387097 0.5128939828080229 0.5 0.5587392550143266
redbull-symbol 0.5661290322580645 0.504297994269341 0.6274193548387097 0.5673352435530086
redbull 0.40483870967741936 0.4355300859598854 0.5161290322580645 0.5100286532951289
redbull 0.5387096774193548 0.4469914040114613 0.6338709677419355 0.5100286532951289
redbull 0.635483870967742 0.4040114613180516 0.717741935483871 0.46418338108882523
redbull 0.7435483870967742 0.34097421203438394 0.8629032258064516 0.42120343839541546
redbull 0.8951612903225806 0.37822349570200575 0.9967741935483871 0.4670487106017192
redbull-symbol 0.7596774193548387 0.42120343839541546 0.8354838709677419 0.4785100286532951
redbull-symbol 0.9016129032258065 0.46418338108882523 0.9822580645161291 0.5272206303724928